cumulated_distance,cumulated_duration_seconds,elevationM_ma_5,grade_ma_10,speed_km_h,speedeq_smooth,hr,hr_smooth,speed_smooth,hr_shifted,cluster
0.0004985385551614602,0.0,1607.25,-0.0681590173129094,0.42271350340744984,0.5928601277182127,108,122.6,4.085255411586413,128.1,0.0
0.00170129952539823,7.0,1607.16,-0.08783163409846513,0.6185627846931959,0.7007245644314163,107,122.33333333333331,3.722021128595499,129.5,3.0
0.00358275311753294,17.0,1606.96,-0.10207952338213268,0.6773232931684957,0.7244787335500298,108,122.28571428571428,4.729193315514697,131.2,3.0
0.006289633352147619,24.0,1606.6799999999998,-0.11578426069629812,1.3921098349446925,0.7638600768889345,106,122.25,4.4090629606457385,133.0,3.0
0.009534651034949828,27.0,1606.4,-0.12399581022897138,3.8940212193626507,0.8411888215280938,106,122.44444444444444,4.405126920994876,135.0,3.0
0.013129675640095435,31.0,1605.8799999999999,-0.13443698246405367,3.2355221446310476,0.8773495831645637,105,122.7,4.234010945994148,136.3,4.0
0.016346026089349052,36.0,1605.32,-0.14987611182340269,2.315772323462604,0.9649101661978605,106,123.0,5.478793461957326,137.1,4.0
0.020186392240121746,41.0,1604.68,-0.1605165283187044,2.7650636285563404,0.9656539995727913,105,123.7,5.721236849545763,137.7,4.0
0.024453362720363282,45.0,1604.1200000000001,-0.1672480603381924,3.840273432217381,0.9516791938300841,104,124.2,5.824125815017891,138.0,4.0
0.02792775249010641,49.0,1603.48,-0.17208855523458894,3.1269507927688154,0.9766791069847743,102,124.6,4.955158000565702,137.8,4.0
0.030354559108810714,52.0,1603.0800000000002,-0.17104497453331674,2.912167942445163,0.8312690966299799,101,125.2,6.45278530359718,137.2,4.0
0.03193027143853147,59.0,1602.72,-0.170965302825747,0.8103663409992481,0.7639936175350829,101,125.7,6.508874416101898,136.2,4.0
0.033104883689652205,69.0,1602.3600000000001,-0.16957403890845885,0.4228604104034649,0.836977136165711,102,126.1,6.2436330606799055,135.1,3.0
0.034309725017754804,71.0,1602.0,-0.1664904773964606,2.168714390584682,0.7983215372889322,101,126.4,6.461205626026393,134.2,3.0
0.035442847714294824,88.0,1601.8000000000002,-0.16599095945039835,0.23995539456141585,1.2504352285180975,99,126.4,6.232993746786425,133.1,3.0
0.037531100120683135,93.0,1601.4,-0.16316558320850258,1.5035417325995852,1.2475845756193447,96,126.2,6.2513295578094,132.3,3.0
0.03988112190021465,95.0,1601.0,-0.16349693877609212,4.230039203156733,1.2253128541405607,95,126.0,5.248250972433304,132.1,3.0
0.04277522418043134,101.0,1600.52,-0.16070924623665753,1.73646136813001,1.5378572927723746,94,125.4,5.178740103471241,132.1,3.0
0.04604755289052799,102.0,1599.96,-0.15237098080443745,11.780383356347963,1.6866288641106013,95,124.7,5.629997599224379,132.5,3.0
0.04950295815301904,106.0,1599.28,-0.14142990398656985,3.109864736241944,1.7664595369166527,94,124.3,5.590004052599431,132.9,3.0
0.05338883954291163,112.0,1598.68,-0.13412697631160547,2.3315288339355535,2.5077357759900396,93,124.0,4.104581438501668,133.4,3.0
0.05846693693059146,115.0,1598.2,-0.11462645995410889,6.093716865215797,2.6530207448778342,92,124.0,4.903277735923697,133.9,3.0
0.06342546530585948,120.0,1597.9199999999998,-0.09631350105326175,3.5701404301929713,2.674605063022109,91,123.9,4.306952410845712,134.1,3.0
0.06828360417344786,126.0,1597.72,-0.07143702097651486,2.914883320553032,3.908173726605496,88,124.2,4.440179601659183,134.0,3.0
0.07348860234895493,128.0,1597.6399999999999,-0.04086622260045314,9.368996715912726,3.812271700054848,88,125.2,4.763333624395977,134.0,3.0
0.07764628243564659,135.0,1597.6799999999998,-0.007182640913601901,2.138235473155706,4.05931659492892,87,126.5,4.688709058293623,134.3,3.0
0.08012234267019955,141.0,1597.72,0.0263175768890834,1.4856361407317782,4.448646273412684,86,127.8,4.526904056969974,134.4,3.0
0.08280723201446916,142.0,1598.0,0.05634228582571815,9.665601639370571,5.211704303095187,87,129.2,4.363891245615459,134.1,3.0
0.08688840996790635,147.0,1598.48,0.07669644349023139,2.9384481264747846,5.775048729630201,86,130.3,3.8855514617098654,133.5,3.0
0.09113856021755752,155.0,1599.0,0.095082635080167,1.9125676123430284,6.342311041233877,87,130.9,4.313994459761068,132.8,3.0
0.09560355391424621,162.0,1599.6399999999999,0.11123094673451553,2.2962824725827526,6.580486506165909,90,131.4,4.449649721141388,131.9,3.0
0.09971438103021249,165.0,1600.28,0.12511759489213087,4.932992539159537,7.012333251682394,92,131.5,3.54851131238044,131.1,3.0
0.10308998388825759,169.0,1600.76,0.1383013377432109,3.0380425722405833,8.073800320172875,94,131.4,4.433648222026212,130.5,3.0
0.10632810325181737,173.0,1601.24,0.1472183666180798,2.914307427203801,7.336543945082556,95,130.7,4.306367061388272,130.3,3.0
0.1095861569192979,176.0,1601.72,0.1493664161299996,3.9096644009766397,8.229386683265124,96,129.4,3.928045274866706,130.2,3.0
0.11308535288806357,181.0,1602.2,0.14831324556176542,2.519421097511274,8.989052467873416,98,128.2,4.34079792661864,129.8,3.0
0.11595361788435,183.0,1602.64,0.13913920348627584,5.162876993315582,9.390471508456155,99,127.1,4.419850413045461,129.7,3.0
0.11865437253876247,187.0,1603.1200000000001,0.1309013127040965,2.4306791889712227,8.84663064739031,102,126.3,4.465320044084408,130.0,3.0
0.12071626685961472,188.0,1603.56,0.12816610834897657,7.422819555068085,8.606389075298692,103,125.9,4.730512000200887,130.6,3.0
0.12346753029062901,190.0,1603.9599999999998,0.12741056473836046,4.95227417582573,9.18798087476326,106,125.8,4.261331516844238,131.3,3.0
0.12674015353210683,193.0,1604.24,0.12493103816358986,3.9271478897733854,9.27611273639042,107,125.5,4.124279356384954,131.9,3.0
0.130277256993306,198.0,1604.56,0.12222090077321375,2.5467144920634137,9.282213712458438,109,125.4,5.077391958582901,132.5,3.0
0.13396816240463244,204.0,1604.9199999999998,0.12167333065008382,2.214543246795857,8.571031091365537,111,125.5,4.28239596421051,132.9,3.0
0.13803630132315947,206.0,1605.36,0.11705360620641558,7.322650053348649,10.454723345588832,111,125.8,4.135133554204861,132.7,3.0
0.1423129123078613,209.0,1605.7999999999997,0.11238847983755518,5.131933181642218,9.793945130679038,113,126.2,4.148179456700334,132.4,3.0
0.14566768507604289,213.0,1606.28,0.11429424245295014,3.019295491363419,10.126500192258856,115,126.2,4.75643031409471,132.0,3.0
0.14972182981976012,219.0,1606.84,0.12005591650339249,2.4324868462303413,9.66990843189615,117,126.1,4.455299976181133,131.5,3.0
0.1534792507643134,220.0,1607.32,0.11924887193864434,13.526715400391831,9.69753787929562,117,125.8,4.430991085011172,130.8,3.0
0.15829111019738792,225.0,1607.7599999999998,0.11427478772099262,3.464538791813651,10.819200474988419,118,125.5,5.2616342976019785,129.9,3.0
0.1630152786211514,227.0,1608.44,0.10718830405773802,8.503503162774262,9.905344811113872,118,125.4,5.261627503461748,129.0,3.0
0.167966005301413,235.0,1609.1200000000001,0.09468627619721753,2.2278270061177308,9.199957865225873,116,125.4,5.299342105233886,128.3,0.0
0.17357665748998513,241.0,1609.56,0.08097238976519193,3.3663913131432746,8.881486345846069,118,125.4,4.6317689553528165,127.5,0.0
0.17987600600371687,243.0,1609.8400000000001,0.06738868012752033,11.33882732471714,8.63881925694869,116,125.5,4.820119796638838,126.8,0.0
0.18486568769978418,250.0,1610.1200000000001,0.06093458981731884,2.566122015120332,8.26284138679415,114,125.6,4.7539230469288665,126.5,0.0
0.18980768575891568,257.0,1610.08,0.0521544495863853,2.541599001839063,7.824666740253522,113,125.5,4.983367207992991,126.1,0.0
0.1944794022731063,264.0,1610.0,0.03928174364249598,2.4025970644409003,6.628199451884595,113,125.8,3.910440605640761,125.9,0.0
0.1989584019769992,271.0,1610.0,0.030120560489746546,2.303485562002068,7.088542523204585,116,126.1,4.537656049915031,125.7,0.0
0.2039464136083554,272.0,1610.24,0.026506843369901046,17.956841872882258,6.968009832768038,116,126.4,4.501832795539174,125.6,0.0
0.20879198216261646,279.0,1610.28,0.022680763758980517,2.492006685048547,5.641927609808056,114,126.6,3.797758314180965,125.8,0.0
0.21375547011778756,287.0,1610.3600000000001,0.0200254156664034,2.233569579826994,6.984657102383349,113,127.1,3.902449013507686,126.2,0.0
0.22020490697621,290.0,1610.6,0.024812070830690286,7.739324230106947,7.16050805974257,109,128.1,3.919832699707409,126.7,0.0
0.22539557131876595,295.0,1610.84,0.030487113868699067,3.7372783266402694,8.237889641052234,107,129.5,3.743651272290536,127.3,0.0
0.22961001699857164,302.0,1610.92,0.03609224301544933,2.1674292067572165,8.641774414507587,107,131.2,3.4164439577428825,127.9,0.0
0.23340670331635507,303.0,1611.0400000000002,0.045656889824077375,13.668070744020394,6.993643883461556,107,133.0,3.6238547036154953,128.4,0.0
0.23635375687491156,306.0,1611.2,0.06088719938698332,3.5364642702677886,7.548969063950099,102,135.0,3.382157816289859,129.0,3.0
0.23891963355478033,307.0,1611.3600000000001,0.08070629503634044,9.237156047527552,7.90094379880715,99,136.3,3.307290798234642,129.6,3.0
0.24195181696010656,310.0,1611.56,0.09492313267456524,3.638620086391481,9.042708332031996,97,137.1,2.942569100275329,130.0,3.0
0.24542851368287777,316.0,1612.0400000000002,0.1053617194307146,2.08601803366273,9.099031121973853,97,137.7,3.2054323281055934,130.4,3.0
0.24884615911517086,319.0,1612.56,0.11043849059566098,4.101174518751699,9.600459170638466,96,138.0,2.625629599312578,130.4,3.0
0.2527952512177687,324.0,1613.24,0.11724421107719551,2.8433463138704353,8.2834153271512,96,137.8,2.4645671741235806,130.2,3.0
0.25588651122894585,325.0,1613.84,0.12081892480554524,11.128536040237808,8.678918902401621,96,137.2,2.377196473053365,129.6,3.0
0.25920753095305926,330.0,1614.3200000000002,0.12142107868028806,2.391134201361646,7.665996189183007,97,136.2,2.302381433243025,128.9,0.0
0.26203991137417,333.0,1614.52,0.1308343681337138,3.3988565053328994,8.226787333817683,97,135.1,2.3280032824042776,128.0,0.0
0.26508295499594,339.0,1614.78,0.13135636404182865,1.8258261730619834,8.954564031823647,100,134.2,2.1234832620525856,127.3,0.0
0.2673246648985019,341.0,1614.98,0.13309788102852288,4.035077824611364,8.596643865108097,102,133.1,2.136487824896304,126.5,0.0
0.2692243881984479,345.0,1615.1,0.12632187421451335,1.7097509699514426,8.801209554113807,105,132.3,2.294191156906754,125.5,0.0
0.2707805575413376,346.0,1615.4999999999998,0.12461465155871228,5.602209634402945,7.110876594055426,106,132.1,2.1164473211029096,124.8,0.0
0.2722366876801715,347.0,1615.9,0.12063228272733688,5.242068499802053,9.15127377488491,108,132.1,1.7960043241448402,124.1,0.0
0.27526866994093185,352.0,1616.3999999999999,0.1266008192290203,2.183027227747447,8.791900018137124,107,132.5,1.9337089427125869,123.7,0.0
0.27832424651547777,355.0,1616.8,0.1237397303980949,3.666691889455117,9.790246052833211,108,132.9,2.1586677519349813,123.3,0.0
0.28252047387499807,365.0,1617.28,0.12308574698350513,1.510641849427303,9.726820710969033,106,133.4,2.0354161625464253,123.4,0.0
0.28638484810888243,366.0,1617.6,0.12390042997378811,13.911747241983642,10.541194737076571,106,133.9,2.084881068564129,123.6,0.0
0.29016755779658737,373.0,1617.9599999999998,0.1203058086309047,1.9453935536768152,11.086905617310336,105,134.1,1.9852156592186931,124.2,0.0
0.29231017640602475,374.0,1618.16,0.12359049946279779,7.71342699397454,10.819043530208825,108,134.0,2.027057803973939,125.0,0.0
0.2944958142491159,376.0,1618.3600000000001,0.12437474299853837,3.9341481175641198,10.703323641737878,112,134.0,2.155398254597279,126.3,0.0
0.29621328002940145,377.0,1618.52,0.1357518929180295,6.182876809027912,10.44506506618223,118,134.3,2.0106701327031216,127.8,0.0
0.29867443554086853,378.0,1618.84,0.1464963729377511,8.860159841281583,13.007075917250976,120,134.4,2.0097205481000744,129.1,3.0
0.3014873772082208,381.0,1619.3200000000002,0.1561818063173949,3.375530000822694,11.205813144673872,122,134.1,2.1482525659279075,130.1,3.0
0.3041899637565939,388.0,1619.8,0.1650690071850074,1.3899016534490427,11.74110380035329,121,133.5,2.12155270929809,130.7,3.0
0.30733487265088466,394.0,1620.52,0.18473008418918718,1.8869453365744489,12.316741319418796,124,132.8,2.259851159925593,131.1,3.0
0.3105321754828552,395.0,1621.3600000000001,0.20166712695197148,11.510290195093976,12.514673142414459,124,131.9,2.514039137131334,131.2,3.0
0.3130472975628462,399.0,1622.04,0.2181270970001786,2.2636098719919038,12.247633894453879,122,131.1,2.54414497064662,131.4,3.0
0.31602914092305573,403.0,1622.7599999999998,0.23359791308180583,2.6836590241885663,11.645428193601514,120,130.5,2.668014720377748,131.5,3.0
0.3199298978462663,405.0,1623.6399999999999,0.23620098388583105,7.021362461779021,12.530974883437288,119,130.3,2.80307287055004,131.3,3.0
0.3240625801369443,410.0,1624.44,0.23661810308595363,2.975531249288128,13.039219855089465,119,130.2,2.7223959564688247,130.7,3.0
0.32777928350073776,415.0,1625.16,0.22639583163325616,2.676026421931309,14.577464990818546,118,129.8,2.7502692645757056,130.2,3.0
0.3317121750101246,419.0,1626.04,0.2181764547320349,3.5396023584481586,12.244412723530004,117,129.7,2.6135199472063286,130.0,3.0
0.3346967757599877,421.0,1626.7199999999998,0.21085570119577962,5.372281349753538,13.793153069500253,117,130.0,2.6327800032805224,130.4,3.0
0.3377296180773417,425.0,1627.36,0.2075137286283233,2.7295580856186006,13.351471588148044,119,130.6,2.5672907766042954,131.4,3.0
0.3400990936663041,426.0,1627.8799999999999,0.19521829728921203,8.53011212026461,13.64588294645672,119,131.3,2.3241147521535197,132.8,3.0
0.3432524822933798,432.0,1628.52,0.18656012204519115,1.8920331762454257,13.030762181030658,120,131.9,2.046261188509088,134.3,3.0
0.3460475261474445,433.0,1628.96,0.1776368583310171,10.062157874632975,14.261495945932968,120,132.5,1.8392515357897712,136.0,4.0
0.34975334503507965,440.0,1629.52,0.1656191591007126,1.9058497136409285,15.375068337671857,121,132.9,1.730922561713724,137.7,4.0
0.35274563015647686,441.0,1629.96,0.15782823313664002,10.772226437029882,14.09742218538758,122,132.7,1.4938786898937886,139.4,4.0
0.355760028312869,447.0,1630.44,0.15154915051553167,1.8086388938352909,14.132167557639969,119,132.4,1.7788209592135793,141.3,4.0
0.35871855104085754,448.0,1630.8799999999999,0.14662328764763405,10.65068182075876,12.583095391347147,118,132.0,1.7976443481537612,143.0,1.0
0.36206236300463973,449.0,1631.4,0.13308847162366216,12.037723069615968,14.62215160538177,118,131.5,1.831184303609006,144.5,1.0
0.36567594713224477,455.0,1631.88,0.12615557609953418,2.168150476563033,13.012530058430897,122,130.8,1.6832921158937122,145.6,1.0
0.36932064596873476,458.0,1632.3600000000001,0.11302911654544992,4.373638603787975,12.988549314785066,124,129.9,1.683153679703378,146.3,1.0
0.3738105912537141,464.0,1632.8,0.10660395057303385,2.693967170987593,11.144888813637397,125,129.0,1.65928418668292,146.7,1.0
0.3782059676871736,465.0,1633.0800000000002,0.09834728153154257,15.823355160454481,12.928166969996209,125,128.3,1.8189899774552447,147.0,1.0
0.3835036559223589,470.0,1633.4,0.089678210908913,3.8143355293334023,11.094089144662568,128,127.5,1.8654428116376305,146.8,1.0
0.387553426743603,475.0,1633.6399999999999,0.07570108186468061,2.9158349912957315,9.772167933284305,129,126.8,2.2660045461201603,146.5,1.0
0.39303795017527093,482.0,1634.0,0.06481885123181116,2.8206120505720884,9.85415015139601,128,126.5,2.2317729923227683,146.0,1.0
0.3978268065370228,483.0,1634.3200000000002,0.05014390804504395,17.239882902306686,9.214170879339221,128,126.1,1.996661762489893,145.2,1.0
0.4026232470566941,490.0,1634.52,0.0392237128367613,2.466740838688104,9.065960023227024,126,125.9,2.2774723460425985,144.5,1.0
0.4071342542138108,492.0,1634.56,0.037041060331638245,8.119812882809963,7.28292355338283,126,125.7,2.264828316320425,143.4,1.0
0.4119607832471751,496.0,1634.64,0.036736524298429676,4.343876130027908,6.780620212917735,125,125.6,2.587644121343814,142.4,1.0
0.4154466495994889,502.0,1634.56,0.039750188022507994,2.091519811388289,7.9172945729948765,124,125.8,2.541665494996012,141.4,4.0
0.41944293471229077,507.0,1634.56,0.044619193500081686,2.877325281217343,9.203112712477,123,126.2,2.387310422971208,140.7,4.0
0.422661028771565,509.0,1634.7199999999998,0.047535523951250006,5.79256930669352,7.187623590730749,123,126.7,2.4158303670279846,140.1,4.0
0.42489521368841615,515.0,1634.96,0.05699801879204279,1.3405109501107233,7.868851165999662,120,127.3,2.531361028226059,139.7,4.0
0.42802782847733484,516.0,1635.2400000000002,0.0713032858104112,11.277413240107311,9.10892187214341,120,127.9,2.61215994514894,139.3,4.0
0.4311996981472295,517.0,1635.6399999999999,0.08120489629884917,11.41873081162091,8.82886830756171,120,128.4,2.597077208868414,139.0,4.0
0.4335935346592932,524.0,1635.96,0.09150807627234474,1.2311159204898878,9.15852401655874,119,129.0,2.5554342255555174,138.8,4.0
0.43698761569429534,526.0,1636.44,0.09964251869765631,6.109345863003887,9.970781491357709,119,129.6,2.4818696631380943,138.8,4.0
0.4407134745533689,527.0,1637.0,0.10050054418365632,13.413091892664847,9.62053078762476,119,130.0,2.444365771495744,139.2,4.0
0.4435890103283548,534.0,1637.48,0.10069483160707204,1.4788469699927456,9.87664350876358,119,130.4,2.437618831936516,139.6,4.0
0.4479212698279559,539.0,1637.8400000000001,0.09976014611423965,3.1192268397127765,9.910967252079178,122,130.4,2.576947821834687,140.4,4.0
0.4541116114519785,542.0,1638.2,0.09648865562754437,7.428409948827108,8.57283024864526,122,130.2,2.9153210693220704,141.0,4.0
0.45949089275047317,550.0,1638.44,0.09839540955529924,2.4206765843226092,9.373554559388756,124,129.6,2.8403039223650195,141.8,4.0
0.4654550346537958,559.0,1638.7599999999998,0.09649746723249517,2.3856567613290522,9.290704804494862,125,128.9,3.633359103598495,142.3,4.0
0.47126264788318933,561.0,1639.08,0.09152729207562232,10.45370381290841,7.44014066014837,126,128.0,3.2434897144207357,142.7,1.0
0.47545595827880344,568.0,1639.4800000000002,0.08835408560984359,2.156559632030103,7.876958406817677,125,127.3,3.3090172566897587,142.8,1.0
0.47860937385556046,570.0,1639.9599999999998,0.0867556358023783,5.676148038162612,7.525163777923417,128,126.5,3.740353880587087,142.7,1.0
0.4815666294326473,572.0,1640.4,0.08002027404919929,5.323060038756232,6.768807111612733,134,125.5,3.6185226895515,142.4,4.0
0.48393449567730706,576.0,1640.7600000000002,0.08293447349289353,2.1310796201938045,7.3064282560881155,136,124.8,3.683237729949732,141.9,4.0
0.48625367306256095,578.0,1641.0400000000002,0.0799606768407104,4.174519293457038,7.475917216097412,136,124.1,3.468751922909773,141.4,4.0
0.48873550427284035,584.0,1641.2400000000002,0.07935026096110429,1.4890987261676234,6.044388680850418,136,123.7,3.6063497513572345,140.5,4.0
0.490939681030983,587.0,1641.28,0.07789762080142013,2.6450121097711805,7.157058521381467,133,123.3,3.453861705626786,139.6,4.0
0.4946647402336689,589.0,1641.52,0.07911714117148468,6.705106564834615,6.769283043340313,130,123.4,3.378395103957063,138.5,4.0
0.4977832480462791,592.0,1641.64,0.07368276987360245,3.7422093751322567,6.238549527188391,130,123.6,2.7001972146285103,137.9,4.0
0.5009884029913878,600.0,1641.8400000000001,0.0688391680914397,1.4423197252989353,6.065591789122061,127,124.2,2.637998618489027,137.4,4.0
0.5040461609715233,601.0,1642.08,0.06017800279286256,11.007928728487828,6.624349774927123,124,125.0,2.664944036498764,137.0,4.0
0.5077156079980093,604.0,1642.48,0.0520384317295652,4.403336431783206,6.545989334281957,121,126.3,2.3797789743278464,136.8,4.0
0.5101076894337592,607.0,1642.6799999999998,0.04427466682445974,2.870497722899905,6.3785840791003725,120,127.8,2.3958282562524174,136.5,4.0
0.5133748832122269,614.0,1642.8400000000001,0.02648550730625166,1.6802710860691263,6.396473175612378,120,129.1,2.390674677072285,136.2,4.0
0.5165459932778659,615.0,1642.8400000000001,0.022281038376385603,11.415996236300371,6.770035887841104,119,130.1,2.259919774188466,136.0,4.0
0.5195518528296592,622.0,1642.8,0.020156381621925932,1.5458706266365536,6.7655748292539375,118,130.7,2.145515354934524,136.0,4.0
0.5216473196837297,625.0,1642.6200000000001,0.017711544422919827,2.5145602248845607,5.410445433729192,113,131.1,2.128618692691303,136.1,4.0
0.5243423203487946,626.0,1642.3400000000001,0.010292848824952969,9.702002394233741,5.7408379836085945,110,131.2,2.195992943721127,136.3,4.0
0.5269716878258744,627.0,1642.3400000000001,0.010432125464174168,9.465722917487655,5.844700481781688,109,131.4,2.331246659647681,136.3,4.0
0.5293290810643906,631.0,1642.5,0.010612169540486983,2.121653914664571,6.025142265141332,108,131.5,2.488564735487357,136.4,4.0
0.5323272183517663,639.0,1642.7,0.01621174427956093,1.349161779319083,5.194325885913022,107,131.3,2.439377004818981,136.8,4.0
0.5370549387079708,641.0,1642.92,0.025050547424289728,8.509896641168137,5.478231688175557,107,130.7,2.371158859882444,137.1,4.0
0.5421742176488428,646.0,1643.2,0.04166916997772617,3.6858808374278063,7.750201982913768,106,130.2,2.565798224975464,137.3,4.0
0.5476454297361645,654.0,1643.44,0.06282541741739596,2.4620454392947453,7.000342481384926,107,130.0,2.5167079793680034,137.5,4.0
0.553055915079059,661.0,1643.6799999999998,0.06981419586264807,2.782535319202904,6.570587217832444,108,130.4,2.671075713110499,137.5,4.0
0.5591100412703199,669.0,1644.0,0.07619837429693195,2.7243567860673887,7.995771973438261,109,131.4,2.724743754313101,137.6,4.0
0.5637379361209275,670.0,1644.44,0.08374817689133497,16.660421462187163,9.736026740955289,108,132.8,3.069429601399261,137.9,4.0
0.5674200889205945,679.0,1644.92,0.09200175713271183,1.4728611198667945,9.417940870236311,107,134.3,3.39985934244704,138.1,4.0
0.5698320854780492,682.0,1645.2,0.101380890481596,2.8943958689456495,9.279164377504273,112,136.0,3.046999913782777,138.2,4.0
0.5724127731098031,683.0,1645.64,0.11599064849677769,9.290475474313963,10.10700785058113,115,137.7,2.8818445310438165,137.9,4.0
0.575237560334413,684.0,1646.1599999999999,0.125958888596531,10.169234008595728,10.863586089678927,118,139.4,3.026541751005165,137.4,4.0
0.578388838344551,688.0,1646.6799999999998,0.1308364801488095,2.8361502091242277,10.886454973063291,119,141.3,2.835047895155978,137.0,4.0
0.5822384437784024,697.0,1647.28,0.13473056477475853,1.5398421735405694,9.684088403858066,121,143.0,2.899040532473459,136.9,4.0
0.5874539488931634,700.0,1648.0399999999997,0.1354658865877107,6.258606137713138,9.926393206765916,124,144.5,2.9074772810666154,136.9,4.0
0.5929706646239692,704.0,1648.64,0.14206453087237322,4.965044157725255,9.976190590362169,125,145.6,2.810892002688638,137.2,4.0
0.5967502660839413,711.0,1649.1200000000001,0.14745751499213827,1.9437950365570966,10.644636873242128,128,146.3,2.5865603917546656,137.6,4.0
0.6011643758097213,714.0,1649.6799999999998,0.15224443275179045,5.296931670935968,9.559352100740025,129,146.7,2.228636836958674,137.8,4.0
0.605079129176076,721.0,1650.1599999999999,0.15309263348714128,2.0133017312681196,9.6917181662437,129,147.0,1.7646634989095762,138.0,4.0
0.6083731399684918,726.0,1650.6799999999998,0.156999133291797,2.3716877705394164,9.790077621734468,127,146.8,1.676556033943114,138.3,4.0
0.6114213193427358,727.0,1651.28,0.15675608533800162,10.973445747278411,11.372684356576505,126,146.5,1.6750124637202954,138.9,4.0
0.614819062436918,731.0,1651.8799999999999,0.1587653292549263,3.05796878476391,10.717080927115704,125,146.0,1.610810454447948,139.6,4.0
0.6172613227133569,734.0,1652.36,0.16251320440090863,2.93071233172673,10.722014287303221,124,145.2,1.6129640512219932,140.5,4.0
0.62050913059932,741.0,1653.0,0.16852870670647238,1.6703011984952993,12.559563873423969,125,144.5,1.3783146704766127,141.4,4.0
0.6239372180192247,742.0,1653.64,0.17378016121758114,12.341114711656896,12.65195161349572,124,143.4,1.4260222724600382,142.3,1.0
0.6266507468783769,747.0,1654.2,0.17579038380547923,1.953740778589489,12.86663710009907,124,142.4,1.5556652080464253,143.1,1.0
0.6294852570864726,753.0,1654.72,0.17932304360759338,1.700706124857481,11.881333924894893,125,141.4,1.6109680983948007,143.5,1.0
0.6332639692522626,754.0,1655.36,0.18312731976220276,13.603363796844036,12.646595572396038,126,140.7,1.4927234539376806,143.8,1.0
0.637178590510335,761.0,1655.92,0.1905280623753034,2.0132337898658164,12.61107097929896,128,140.1,2.149816388470712,144.0,1.0
0.6402328502750692,765.0,1656.4,0.19129188425707772,2.748833788260796,13.475109912006996,127,139.7,2.345312186423804,144.2,1.0
0.6438142788154589,768.0,1657.0,0.19712260402337964,4.297714248467709,11.236111307873298,126,139.3,2.3602145329574813,144.4,1.0
0.6465595439252502,770.0,1657.64,0.20256062888770937,4.9414771976241285,12.96018064552716,126,139.0,2.78874706738706,144.5,1.0
0.6490803715192802,774.0,1658.28,0.21288111696604378,2.26874483462702,12.940175002044896,125,138.8,2.838282582576727,144.5,1.0
0.651283006413245,776.0,1658.8399999999997,0.2150651488753345,3.964742809136534,11.580020154634468,124,138.8,2.844392466991388,144.3,1.0
0.6539694208934693,782.0,1659.48,0.22399631593206917,1.611848688134604,12.11389374118607,127,139.2,2.826799652128512,144.1,1.0
0.6562543917882838,783.0,1660.0,0.2288175836819874,8.225895221332186,12.430452344323811,127,139.6,2.6926252138539546,143.7,1.0
0.658491847756782,789.0,1660.52,0.2285793180829115,1.3424735810989161,12.120087885479247,128,140.4,2.633398979569427,143.3,1.0
0.6603147974743548,790.0,1660.92,0.23125602386053795,6.562618983261941,11.266811872344137,128,141.0,2.658526124414114,142.9,1.0
0.6620148756872065,792.0,1661.36,0.24574693393466926,3.0601407831330247,12.455254065420137,133,141.8,1.9832673926240696,142.6,1.0
0.6628267286456115,793.0,1661.6800000000003,0.26120074425988765,2.9226706502580284,11.8607805469696,137,142.3,1.7703904552897387,142.3,4.0
0.663531145305139,794.0,1661.9600000000003,0.26948694143068036,2.5358999742989754,11.740517530466366,140,142.7,1.650205583049976,142.0,4.0
0.6644585920007766,796.0,1662.28,0.2883319516696816,1.6694040521475941,12.056095484108372,143,142.8,1.0339614499742662,141.8,4.0
0.6656649398600414,797.0,1662.72,0.29960937182596725,4.342852293353148,14.12818635276071,143,142.7,0.9859071564616906,141.6,4.0
0.6669547514732749,800.0,1663.1200000000001,0.3173739164381466,1.5477739358801763,12.852027679264575,144,142.4,1.0375120837277685,141.5,4.0
0.6681536105115838,805.0,1663.48,0.34049218164334477,0.8631785075824342,12.848301994288978,140,141.9,0.9349023543319908,141.5,4.0
0.6694254655787336,806.0,1663.9600000000003,0.3787961692590161,4.578678241739058,13.39276622653814,135,141.4,1.0317561593137274,141.6,4.0
0.6705285505396785,807.0,1664.44,0.41958216662638315,3.971105859401559,13.849893641352233,134,140.5,1.1099598656873115,141.8,4.0
0.6713780968678249,811.0,1665.0,0.4616974233578889,0.7645916953317861,14.730107346123024,131,139.6,1.0520383454311206,142.1,4.0
0.6725860273105274,814.0,1665.7599999999998,0.48409374820538853,1.4495165312430442,14.698805643806377,131,138.5,1.5718780305504834,142.7,1.0
0.6742934970101573,817.0,1666.7199999999998,0.4991005357929906,2.0489636395558732,15.362268842292128,131,137.9,1.675864077626516,143.4,1.0
0.6762798854281523,821.0,1667.7599999999998,0.5167264369230793,1.7877495761955708,16.952882802315642,130,137.4,1.7905293041211183,144.1,1.0
0.6784194660323303,825.0,1668.92,0.5282676238396018,1.9256225437601298,16.68404424385538,132,137.0,1.7597561316658532,144.8,1.0
0.6809724127988149,829.0,1669.9599999999998,0.5366504943654736,2.297652089836224,14.776982546923577,134,136.8,1.7374987278241871,145.4,1.0
0.6833027177492557,834.0,1670.8799999999999,0.5501771590545805,1.6778195643173581,15.997609172038304,133,136.5,1.5817919228049369,146.0,1.0
0.6853362276056615,837.0,1671.8,0.5497882845073296,2.4402118276869342,17.930520910561697,132,136.2,1.8414021344175535,146.5,1.0
0.6868924719854952,839.0,1672.72,0.5427482426669414,2.8012398837006143,16.911764040557607,133,136.0,1.7244868224852978,147.1,1.0
0.6881702651351966,845.0,1673.48,0.5304267847983635,0.7666758898208698,17.26467280797447,134,136.0,1.7566591523030302,147.6,1.0
0.6893600639579796,847.0,1674.3200000000002,0.5152538522547667,2.141637881009248,16.35059092613742,135,136.1,1.992367693380684,147.9,1.0
0.6903875930200537,848.0,1675.0400000000002,0.5056247065394371,3.699104623466992,16.3016422913324,135,136.3,1.7809611560327316,147.9,1.0
0.6915215482223735,853.0,1675.7599999999998,0.5062331974064881,0.8164477456703109,16.720021716896515,136,136.3,2.3058129180374336,147.6,1.0
0.6927895474648028,855.0,1676.4,0.4909691166998904,2.282398636372607,15.242428201402669,135,136.4,2.4539286112007157,147.0,1.0
0.6940797814235609,860.0,1677.08,0.46483086795888384,0.928968450305773,14.2884180899355,134,136.8,2.739509961011977,146.4,1.0
0.6955887111665546,862.0,1677.7599999999998,0.4412338530320666,2.7160735373886857,14.588913839848654,133,137.1,2.883466686158181,145.8,1.0
0.6972338356501939,864.0,1678.52,0.40446124817274287,2.961224070550754,13.514964429629122,133,137.3,3.090431309269566,145.1,1.0
0.698612905940118,869.0,1679.1200000000001,0.3708285662283415,0.9929306087453624,12.049937742493324,135,137.5,3.032244599700336,144.3,1.0
0.7001638748499348,871.0,1679.64,0.3310225231281575,2.7917440376701412,12.244019861965514,134,137.5,3.202161876668664,143.2,1.0
0.7019572049066841,874.0,1680.1200000000001,0.29159913207741756,2.151996068099202,10.993617858743306,131,137.6,3.345332429711088,142.2,4.0
0.7040401374785853,878.0,1680.52,0.2475663933155917,1.8746393147110698,10.775080959955323,129,137.9,3.4347564153872083,141.2,4.0
0.706863520328442,880.0,1680.92,0.20110988405990865,5.082089129742021,9.775439887622992,128,138.1,3.28561436660791,140.2,4.0
0.7105949953481395,884.0,1681.2399999999998,0.15515103748270742,3.3583275177277296,8.436060265807164,127,138.2,3.177765333325067,139.3,4.0
0.7141831300308138,889.0,1681.48,0.12790219803982988,2.583456971525458,8.170942403134363,127,137.9,3.061558258342246,138.6,4.0
0.7177959066101756,895.0,1681.6799999999998,0.11749179459659462,2.1676659476170554,7.132440955301348,128,137.4,2.9422547700148427,138.0,4.0
0.7211847858094352,898.0,1681.7599999999998,0.11397195035875696,4.066655039111604,6.782285941289018,131,137.0,3.1018406424678675,137.9,4.0
0.7241770843229611,903.0,1681.92,0.12097199976218982,2.154454929738604,6.404863637799247,132,136.9,2.951523960862026,138.2,4.0
0.7259432838921475,908.0,1682.1599999999999,0.12478479814843804,1.2716636898141676,5.584088458323426,131,136.9,3.2164070411084134,138.7,4.0
0.7279214100921146,913.0,1682.56,0.1344446099237852,1.4242508639763738,4.896431876187627,133,137.2,3.210982854882721,139.5,4.0
0.729875240616149,916.0,1682.9599999999998,0.14741069933601525,2.3445966288411424,4.487888273316882,134,137.6,3.0817796875427184,140.4,4.0
0.7315693337383,921.0,1683.4,0.16273658833591348,1.2197470479487986,4.428372236478732,135,137.8,3.236762618312072,141.4,4.0
0.7330417386745413,923.0,1683.72,0.185710865334232,2.650328885234259,4.257200106430109,135,138.0,3.29209322322979,142.3,4.0
0.7343301650773932,931.0,1684.0400000000002,0.20287074264986785,0.5797918812834095,5.9471185808355305,133,138.3,3.1454234704439377,143.2,1.0
0.7353283659413727,938.0,1684.36,0.22688095044383322,0.5133604443322975,6.361981159862635,133,138.9,3.2470748957683107,143.9,1.0
0.7362320127804199,941.0,1684.6800000000003,0.247379149335926,1.084376206856586,6.9136288143370335,132,139.6,3.284338853349978,144.7,1.0
0.7376455263811802,944.0,1685.0400000000002,0.2701481520174141,1.6962163209122474,6.7851705530484026,129,140.5,3.085908882246617,144.7,1.0
0.7390354923875514,945.0,1685.36,0.2891484695027477,5.0038776229365105,7.133319610343447,129,141.4,3.0768712478368534,144.0,1.0
0.7406576008089025,949.0,1685.8400000000001,0.3223596038391904,1.459897579215989,7.7383311855474615,127,142.3,3.316194175311183,142.8,1.0
0.7421239761576766,952.0,1686.4,0.3389757046198051,1.7596504185288189,8.895933794100355,128,143.1,3.177772909908065,141.2,4.0
0.7438072326192925,959.0,1687.0400000000002,0.3560327912828519,0.8656747516882041,9.33739967017003,127,143.5,3.1228875566322487,139.2,4.0
0.7454994030165778,964.0,1687.72,0.37155001203010507,1.2183626860454595,12.094719207107445,126,143.8,3.2461309900686954,137.1,4.0
0.7475090979791025,967.0,1688.5600000000002,0.38495777830021594,2.4116339550296764,12.210058389269149,126,144.0,3.1200352122793973,135.7,3.0
0.7493231394699413,970.0,1689.2,0.40696153294379067,2.176849789006659,11.538060257856253,126,144.2,3.2625066513794367,135.1,3.0
0.7506813183396026,975.0,1689.8800000000003,0.4165961632774488,0.9778887861561557,13.026751017856077,125,144.4,3.299583676887571,135.4,3.0
0.752095205437292,976.0,1690.56,0.4097347848710554,5.089993551681882,12.943497328519001,125,144.5,3.217174814814672,135.7,3.0
0.7535995396405568,980.0,1691.2400000000002,0.39461659288631334,1.3539007829383247,14.455159307953892,126,144.5,3.5041844371770887,136.1,4.0
0.7558101774110633,983.0,1692.0,0.3758048745044622,2.6527653246077603,14.138920197973274,125,144.3,3.7425487548153087,136.6,4.0
0.7581812904192539,985.0,1692.7199999999998,0.3448241767825821,4.268003414743046,13.151015335086864,125,144.1,3.1259473386823973,137.3,4.0
0.7599959683318173,989.0,1693.2400000000002,0.33096589343603866,1.633210121307083,12.893954917980357,126,143.7,3.1512717438768982,138.1,4.0
0.761133144110129,990.0,1693.72,0.32379532992442883,4.093832801922095,13.170700392698617,126,143.3,3.189259675397701,139.2,4.0
0.7623974381477414,996.0,1694.1599999999999,0.3191086264522595,0.7585764225674311,12.490108664163568,128,142.9,3.004915998021521,140.2,4.0
0.7643265120028118,1004.0,1694.56,0.31339627617742827,0.868083234781639,12.192492198893298,130,142.6,3.1022234758347134,140.3,4.0
0.7663782196941238,1007.0,1695.0,0.2953322980041385,2.4620492295744296,11.65853684604789,131,142.3,2.7153733012836443,139.4,4.0
0.7687484368031647,1011.0,1695.56,0.28076563850806335,2.1331953981368943,10.995448339321332,131,142.0,2.630657683644028,137.4,4.0
0.770386765336751,1012.0,1696.1600000000003,0.28112458180515043,5.897982720910694,10.738085005363088,131,141.8,2.707398759741396,134.9,3.0
0.7720577006424914,1017.0,1696.8,0.281260965918904,1.2030734201330724,10.457662935785745,131,141.6,2.7617981895448898,132.9,3.0
0.773921313552057,1020.0,1697.36,0.28601114953009266,2.2363354914787883,10.962503319451217,131,141.5,2.808698523343077,131.2,3.0
0.7758837345468174,1022.0,1697.9599999999998,0.2888132107462968,3.532357790568814,12.156700720262782,131,141.5,2.8828904499128423,129.8,3.0
0.7779806865549567,1028.0,1698.64,0.29038191724313256,1.2581712048835854,11.682806992738232,130,141.6,2.954527300804405,128.9,0.0
0.7802175551140288,1030.0,1699.2400000000002,0.2800346120961712,4.026363406329808,13.43780983396679,130,141.8,3.5822695594981595,128.3,0.0
0.7832062583384026,1035.0,1699.92,0.26681097102638235,2.1518663215491474,11.560592853882495,128,142.1,3.2942279499025005,127.9,0.0
0.7855683781771001,1037.0,1700.52,0.24737107856482252,4.251815709655472,11.577130311923165,128,142.7,3.4233605830022613,127.9,0.0
0.7884215077771066,1043.0,1701.2,0.23290220263423195,1.711877760003923,12.004836741519844,125,143.4,3.712961723171897,128.1,0.0
0.7912169931133487,1044.0,1701.8,0.21440775219815147,10.063747210471647,11.054784765970707,124,144.1,3.808184441943142,128.7,0.0
0.7939937831538113,1049.0,1702.4,0.1909771060300265,1.9992888291330944,10.97239148554164,122,144.8,3.818545230388092,129.5,3.0
0.7965748232132881,1054.0,1702.8400000000001,0.17319527343982083,1.858348842823307,9.746997167523102,124,145.4,3.769448103347328,129.7,3.0
0.8002135463968726,1056.0,1703.2399999999998,0.1563360828486847,6.549701730452074,9.788085640720507,123,146.0,4.584245073756995,129.8,3.0
0.8040702895305608,1062.0,1703.56,0.14578264085420362,2.314045880212937,8.93741922962234,121,146.5,4.499917664575936,129.7,3.0
0.8077750815478001,1069.0,1703.8,0.14135432763535793,1.905321608865914,8.614034057597802,123,147.1,4.666759483451912,129.2,3.0
0.8114335641454422,1076.0,1704.08,0.14446173501763226,1.8815053359302132,7.014047394030802,123,147.6,4.50088174914569,128.2,0.0
0.8153533914854686,1080.0,1704.44,0.1526545236612554,3.527844606023762,6.876542864495436,124,147.9,4.439288263301698,127.2,0.0
0.8183833195436364,1084.0,1704.8400000000001,0.16722323838095027,2.726935252351001,7.1148059200706655,124,147.9,4.285228120477516,126.4,0.0
0.8207763489019031,1093.0,1705.4,0.1887021762826606,0.9572117433066833,7.138211517808548,126,147.6,4.02874438869818,126.0,0.0
0.8225995535225621,1095.0,1705.9599999999998,0.2044660368705681,3.281768317186116,7.557762086615749,126,147.0,3.8326685975328982,125.7,0.0
0.8241298900422712,1099.0,1706.52,0.2204586233425056,1.377302867738262,7.853596235440042,128,146.4,3.73892038479853,125.6,0.0
0.8253120028327827,1101.0,1707.0,0.2335630059957022,2.1278030229206797,7.627500972588028,132,145.8,3.4143125709011377,125.8,0.0
0.826339239251878,1102.0,1707.48,0.2509419851926516,3.6980511087428973,7.714669652301845,136,145.1,2.8281453244446624,126.2,0.0
0.8270266111128387,1103.0,1707.8,0.266893044225733,2.4745386994586482,8.013817898141742,136,144.3,3.036634572498414,126.8,0.0
0.8275415516175789,1104.0,1708.08,0.2725913413981277,1.8537858170645891,8.386740674477133,136,143.2,2.8886392862696018,127.7,0.0
0.8281792808476811,1108.0,1708.36,0.27711011419512727,0.5739563070920192,9.24300183674018,133,142.2,3.567286529781274,128.9,0.0
0.829503614410728,1110.0,1708.7599999999998,0.27770046399537096,2.383800413484339,10.011403348197387,130,141.2,3.662798047831173,130.2,3.0
0.8309247080940162,1112.0,1709.2,0.27246253090960504,2.557968629918794,9.947284555382621,128,140.2,3.8955949561788095,131.3,3.0
0.8327368794869106,1116.0,1709.6399999999999,0.2693276327078302,1.6309542536049235,9.810906218810597,127,139.3,4.6194039125365,132.0,3.0
0.8353114936404948,1118.0,1710.1599999999999,0.274237562871284,4.634305476451666,10.647489167386833,128,138.6,4.755372806856835,132.8,3.0
0.8377702299956074,1121.0,1710.72,0.27996227456179407,2.950483626135022,10.464326240513124,129,138.0,4.900870449372711,133.5,3.0
0.8400423490459364,1126.0,1711.2,0.28495193995193346,1.635925716236914,11.133347157002328,130,137.9,5.024898788980551,134.2,3.0
0.8425555737620843,1129.0,1711.8400000000001,0.28144326553870785,3.0158696593775196,11.443134439604107,130,138.2,4.753469623240374,134.8,3.0
0.8450116472900782,1131.0,1712.48,0.2759717952345407,4.420932350388853,12.640031226858444,131,138.7,5.738164761529849,135.5,3.0
0.8469045408470087,1136.0,1713.08,0.2822841212627023,1.3628833609899849,14.454339427232389,134,139.5,6.1111942830328285,136.1,4.0
0.8486692355507729,1139.0,1713.6,0.2865061501869415,2.117633644516973,13.111284684911851,137,140.4,5.0290854709657165,136.9,4.0
0.8502917248982786,1141.0,1714.08,0.2991203491358626,2.9204808255103627,12.57975156273115,140,141.4,6.63282348584279,137.7,4.0
0.8519597324262732,1142.0,1714.52,0.32225783191136287,6.004827100780395,13.621412892150838,142,142.3,6.568428500408549,138.4,4.0
0.8533306356662962,1143.0,1715.08,0.3374423992756579,4.935251664082703,12.98682876525621,142,143.2,6.410954616615889,139.2,4.0
0.854559203654973,1147.0,1715.6,0.34414719340508204,1.1057111898090417,14.220020711556526,145,143.9,6.768145062643218,139.9,4.0
0.8563632728198971,1152.0,1716.2399999999998,0.36480841830150107,1.2989297987454167,14.564376115273177,146,144.7,6.676988166673311,140.3,4.0
0.8580759938842585,1154.0,1716.9199999999996,0.37709575283260754,3.0828979158504053,14.408858946296494,147,144.7,6.810924638370639,140.7,4.0
0.8592992506630203,1158.0,1717.56,0.38569505312910257,1.1009311008856413,13.564342583064498,149,144.0,7.834021341557779,141.1,4.0
0.8607050447528991,1159.0,1718.0399999999997,0.4008854632842228,5.060858723563662,13.044360866607985,148,142.8,7.478097303367275,141.2,4.0
0.8623131012494786,1163.0,1718.64,0.4172509198634294,1.447250846921555,10.783807760188676,149,141.2,7.398703214431964,141.1,4.0
0.8632729186334263,1166.0,1719.08,0.4258551040176507,1.1517808607371944,10.384415101449443,148,139.2,7.527356552590864,140.7,4.0
0.8642134251836633,1171.0,1719.4399999999998,0.43746472818105275,0.6771647161706404,10.630418516505397,147,137.1,5.950647153118707,140.3,4.0
0.8648872006150023,1172.0,1719.8400000000001,0.4530724845574882,2.425591552820486,10.79032927772992,146,135.7,5.826096363185316,139.9,4.0
0.8653797310876552,1178.0,1720.36,0.45989991615899173,0.2955182835917194,11.059712914389621,145,135.1,6.383302803524783,139.5,4.0
0.8657541253212292,1184.0,1720.8,0.4658467524646472,0.22463654014442133,10.239840726740224,143,135.4,7.266051400723706,139.1,4.0
0.8668237037349935,1187.0,1721.36,0.4664723898153943,1.2834940965172312,10.914936336312296,143,135.7,7.477300620261613,139.1,4.0
0.8681797469700641,1189.0,1722.0399999999997,0.4807589336070449,2.4408778231269297,12.186916508630073,142,136.1,7.281505109194494,139.1,4.0
0.8697387290098225,1194.0,1722.64,0.4917746511919467,1.1224670686260918,12.697092381136418,141,136.6,6.07201596930394,139.3,4.0
0.8712467095187725,1196.0,1723.1599999999999,0.4986387157335329,2.7143649161098575,11.889400256865686,141,137.3,5.6318191872352585,139.6,4.0
0.872850315241069,1199.0,1723.8400000000001,0.49943291983045357,1.9243268667558102,15.44243605684999,138,138.1,5.560708924247042,140.0,4.0
0.8742104320280696,1201.0,1724.6399999999999,0.49857623188294964,2.448210216601067,16.87405183519727,138,139.2,5.507251347223501,140.3,4.0
0.8755773138276856,1205.0,1725.36,0.4842510189709489,1.2301936196543926,17.015065618906945,137,140.2,5.551724698824001,140.5,4.0
0.8769585861701847,1209.0,1726.1200000000001,0.46445153053812493,1.2431451082492846,19.027041754052807,139,140.3,5.83272130069822,140.7,4.0
0.8788659327337742,1210.0,1726.9599999999998,0.4558363307757253,6.866447628922032,19.402082312668362,139,139.4,5.875264236495104,141.0,4.0
0.8806822615001704,1213.0,1727.64,0.4626755078480337,2.179594519675339,19.305042597584396,139,137.4,5.211393932790289,141.3,4.0
0.8826718692249677,1218.0,1728.28,0.4750567840946226,1.4325175618540094,18.88005441001098,139,134.9,5.225523120072111,141.7,4.0
0.8845402589936961,1219.0,1728.9600000000003,0.4759096789362257,6.726203167422714,17.476368388573185,139,132.9,5.203165802497716,142.2,4.0
0.8863378392387214,1223.0,1729.64,0.48608477529748706,1.617822220522762,16.826619282325506,139,131.2,6.006985526380916,142.5,4.0
0.887879763549975,1225.0,1730.3600000000001,0.47909143326663334,2.775463760256463,16.592564892408994,141,129.8,5.886340869870706,142.8,1.0
0.8893367624817475,1228.0,1731.1599999999999,0.43399622911034597,1.7483987181270555,12.877405957202,142,128.9,5.709414471737455,143.2,1.0
0.8902588173432938,1231.0,1731.7599999999998,0.3750197473955068,1.106465833855496,11.304277687985685,142,128.3,5.641958342607073,143.8,1.0
0.8909676298730818,1235.0,1732.28,0.33619998285456065,0.6379312768091148,10.326960937943413,145,127.9,6.211898040251889,144.4,1.0
0.8913827455832751,1236.0,1732.6,0.306714084993051,1.4944165566961547,6.716035794569517,145,127.9,6.147587051037833,145.1,1.0
0.8916041406324837,1243.0,1732.64,0.3104145859581096,0.11386031102159005,6.065832667594206,147,128.1,5.080105026759672,145.5,1.0
0.8917029673059071,1250.0,1732.52,0.32947486309657253,0.05082514633202745,5.890402197061137,144,128.7,4.489065326775519,145.8,1.0
0.892023340694041,1255.0,1732.52,0.3394566183085666,0.23066883945638236,5.2225362721532544,143,129.5,6.002008210781742,145.7,1.0
0.8926497427347806,1259.0,1732.6,0.35769632173514077,0.5637618366656165,6.32616259205334,140,129.7,6.497127829502854,145.5,1.0
0.8935974754726115,1262.0,1732.92,0.3716494077302426,1.1372792853970064,7.187211956809793,138,129.8,5.896813955246745,145.6,1.0
0.8945117846484218,1263.0,1733.44,0.39735054882860854,3.2915130329172397,7.264983690033101,138,129.7,5.774493781920511,145.6,1.0
0.8953143417863877,1267.0,1734.08,0.4464737452743862,0.7223014241692802,11.62619577470382,137,129.2,5.949639785805541,145.5,1.0
0.8964671217217615,1269.0,1734.8,0.5090894944193123,2.0750038836728613,12.507530797576287,137,128.2,6.030606820849738,145.4,1.0
0.8976504286722156,1272.0,1735.52,0.5463074343407677,1.4199683405449564,13.535520519830555,136,127.2,5.501034878878861,144.8,1.0
0.8989215416640687,1277.0,1736.2,0.5784706725187474,0.9152013541342454,13.447922176166974,136,126.4,5.458572498861744,143.5,1.0
0.9003971686535729,1278.0,1736.7600000000002,0.5669977401311111,5.312257162215216,13.576534141686333,136,126.0,5.362191316965971,142.1,4.0
0.9016090415614533,1282.0,1737.2400000000002,0.5446358832237537,1.0906856170923553,13.045445545376452,138,125.7,5.657233093601078,140.5,4.0
0.902374219952788,1284.0,1737.6799999999998,0.5345704254913797,1.3773211044024056,15.247434423104966,138,125.6,4.323829769730032,139.1,4.0
0.9030854147086573,1294.0,1738.2400000000002,0.5277325193448973,0.25603011211296567,14.23896771928614,136,125.8,4.077958959981002,137.6,4.0
0.903847669081141,1297.0,1738.7199999999998,0.5174447930379938,0.9147052469803462,14.35021694390517,136,126.2,3.719427718958865,135.8,4.0
0.9052930399000783,1300.0,1739.36,0.5029619205419723,1.7344449827247372,15.74418951293696,135,126.8,4.078741360146007,133.9,3.0
0.9071365974224647,1302.0,1740.2400000000002,0.49445800361664116,3.3184035402954484,13.250358406734264,134,127.7,3.763746454744285,131.8,3.0
0.9088979739087014,1309.0,1741.2,0.4852628817241742,0.905850764350304,14.939631668198754,135,128.9,3.709199635780072,129.9,3.0
0.9108331868406151,1313.0,1742.1599999999999,0.4660602178454104,1.7416916387222772,15.040044317879477,136,130.2,3.6047984182593154,128.6,0.0
0.9126511239322322,1315.0,1743.1200000000001,0.42851115421254526,3.2722867649107856,15.934795722707474,137,131.3,3.3768713270757105,128.0,0.0
0.9144278971481965,1317.0,1744.2,0.3979987323207413,3.19819178873569,15.869700759215936,138,132.0,3.330471023954457,127.9,0.0
0.9161887869362908,1318.0,1745.2,0.35327349860843055,6.339203237139379,15.366172188591497,138,132.8,3.0452079753966848,128.2,0.0
0.9185708519663202,1321.0,1745.8,0.2914754982765211,2.858478036035217,13.216397011373815,139,133.5,3.1105562832931097,128.7,0.0
0.9220284559776819,1325.0,1746.08,0.23191295733828693,3.111843610225592,12.952215883231963,140,134.2,2.9439483518706937,129.0,3.0
0.9272601726408872,1333.0,1746.3200000000002,0.18407329794917585,2.3542724984423837,12.1812339666564,139,134.8,3.654494607220278,129.2,3.0
0.9336003246639515,1339.0,1746.4,0.14400816966989421,3.8040912138385847,10.724782997303777,137,135.5,3.1071734838063563,129.6,3.0
0.9404416657754594,1348.0,1746.44,0.10619553139347829,2.7365364446031473,9.105917496838718,136,136.1,3.869012467495428,130.5,3.0
0.9462306069622007,1356.0,1746.72,0.07896947094272058,2.605023534033579,7.533036668521136,135,136.9,3.8339152788261135,131.6,3.0
0.9515196022441116,1362.0,1747.2400000000002,0.06992932160649681,3.173397169146523,6.646015125175046,137,137.7,3.818475815181292,132.9,3.0
0.9549917077621716,1365.0,1747.72,0.07343857292531511,4.166526621671989,5.961849113402818,140,138.4,4.0344592486135005,134.0,3.0
0.9578363265970761,1371.0,1748.08,0.08194431827596227,1.7067713009427052,6.168913916445424,140,139.2,4.170977106028772,134.6,3.0
0.9607589448772488,1373.0,1748.4,0.0985675103701938,5.2607129043109495,5.779208987982453,139,139.9,4.907327834726367,135.1,3.0
0.9640575146004291,1380.0,1748.72,0.11336106823986128,1.6964072862070068,6.592235476940561,136,140.3,4.38517351711573,135.7,3.0
0.9672555291453484,1386.0,1749.08,0.1218791211965353,1.9188087269515584,6.84269183299957,135,140.7,5.008894756239417,137.2,4.0
0.9705473051644923,1389.0,1749.52,0.12857112250591485,3.95013122297263,6.884659794161166,135,141.1,4.6822056791932045,139.2,4.0
0.9731038878286925,1393.0,1750.08,0.13693411483477913,2.3009243977801717,8.015199390217706,136,141.2,4.736555414808142,140.8,4.0
0.9760957585215075,1395.0,1750.56,0.15036571845454247,5.385367247067021,8.475062461539888,136,141.1,4.133664632531042,141.7,4.0
0.9789299603790371,1399.0,1751.0,0.16782955464751712,2.550781671776651,8.792257856043571,138,140.7,4.243770408824558,141.8,4.0
0.9820655695386147,1405.0,1751.5199999999998,0.18694931445465537,1.8813654957465045,9.478835705333177,141,140.3,4.543784457156986,141.3,4.0
0.9852413228327066,1407.0,1752.0400000000002,0.20377844523611505,5.716355929365521,10.012880195528314,142,139.9,4.406165212806327,140.6,4.0
0.9883803191523176,1412.0,1752.6,0.21701754496306452,2.2600773501198903,9.98675156959231,142,139.5,4.296045169882683,140.1,4.0
0.9904881054725689,1414.0,1753.2399999999998,0.2297865399389857,3.7940153764524225,10.489163647527462,142,139.1,3.582359158975032,140.1,4.0
0.9927488734221113,1417.0,1753.92,0.25410205865964686,2.7129215394507376,12.169293059841738,142,139.1,3.689000831804548,139.8,4.0
0.9946584136744181,1420.0,1754.56,0.2785873078317966,2.2914483027682375,12.083147719622017,142,139.1,3.3199027101598206,138.9,4.0
0.9962966066010339,1423.0,1755.1599999999999,0.2987091375425742,1.9658315119390148,12.273258343186455,144,139.3,2.9774269904755704,137.5,4.0
0.9981387299791027,1426.0,1755.8,0.31951537410529723,2.210548053682535,13.700440807269047,145,139.6,3.017981602153613,136.2,4.0
1.000299451235161,1427.0,1756.56,0.3382479040247444,7.778596521810317,13.632347055101118,145,140.0,2.9751074163565483,134.9,3.0
1.0019196859820299,1432.0,1757.28,0.3545756458128197,1.166569017745467,16.51853520070147,146,140.3,2.80056282346419,133.8,3.0
1.003770397041736,1437.0,1757.9599999999998,0.37725801818691507,1.3325119629883435,18.036346992238727,145,140.5,2.400954494526095,132.7,3.0
1.0057006165594387,1438.0,1758.64,0.4003537121174833,6.948790263729991,18.298180565400312,145,140.7,2.2996579340717664,131.5,3.0
1.0073658158464835,1444.0,1759.3200000000002,0.44523682907146755,0.999119572226906,21.440385086986517,144,141.0,2.3620520824583897,130.5,3.0
1.0088154630041093,1445.0,1760.0,0.49254417058653255,5.218729767452816,24.207298171397397,144,141.3,2.2812366223702987,129.0,3.0
1.0105286251121828,1447.0,1760.7599999999998,0.5249390008336455,3.083691794532083,22.498908835801416,144,141.7,2.1371314009086366,127.5,0.0
1.0117514248472155,1450.0,1761.48,0.5526837351668099,1.4673596820392403,23.062863984355193,143,142.2,1.6957190014820795,126.0,0.0
1.013094738107094,1451.0,1762.44,0.586732499111934,4.835927735563186,23.733484999906814,144,142.5,1.921073767906912,124.5,0.0
1.0143709023376677,1452.0,1763.44,0.6130491197798462,4.594191230064739,24.719733995949547,143,142.8,1.912937363791948,123.4,0.0
1.015266781426824,1454.0,1764.3600000000001,0.635114475890078,1.6125823604811969,25.66548659466187,143,143.2,1.8935676509144732,122.9,0.0
1.0160555664655408,1456.0,1765.2400000000002,0.6636453321675007,1.419813069690479,22.561357917040475,142,143.8,1.8991334510765383,122.7,0.0
1.0170068949534277,1458.0,1766.2,0.6867794721725956,1.7123912781963715,21.857477028977314,141,144.4,2.2586794711070253,122.7,0.0
1.018425048700641,1459.0,1767.1200000000001,0.7024971557136471,5.105353489968194,22.495099445001323,141,145.1,2.590557206019959,123.3,0.0
1.0200685439926067,1462.0,1768.0,0.6892419000264018,1.9721943503588246,22.9470907073811,141,145.5,2.526797624579616,123.8,0.0
1.0219438606897486,1467.0,1769.0,0.6686707763469402,1.350228021942126,23.33677385582679,141,145.8,2.42186977189046,124.0,0.0
1.0238076403715286,1470.0,1770.08,0.6404521360298039,2.2365356181359206,23.953216025713328,141,145.7,2.411551935623084,124.2,0.0
1.0256699490740393,1473.0,1771.1200000000001,0.6140706219272121,2.2347704430129207,24.49155317434036,141,145.5,2.522566203816388,124.5,0.0
1.0271643718611498,1474.0,1772.1200000000001,0.5847404072295543,5.379922033598124,27.344395874180208,142,145.6,2.440409745083738,125.0,0.0
1.0285708147967183,1475.0,1773.1599999999999,0.5607829596373615,5.0631945680466135,24.454111582886622,142,145.6,2.3604606496243,125.6,0.0
1.0298788712557065,1477.0,1774.0,0.5301648174237708,2.3545016261788505,24.57707977898579,143,145.5,2.283690911974937,126.2,0.0
1.0316590225712117,1480.0,1774.8400000000001,0.4905405879616834,2.136181578606108,25.51208740719661,143,145.4,2.303657520875204,126.7,0.0
1.0338784153115266,1481.0,1775.8,0.4470896999414059,7.989813865133909,25.084392952120314,143,144.8,1.869492729804972,127.5,0.0
1.0363505679715395,1485.0,1776.8,0.40196129091232863,2.2249373940116115,24.19716699202518,144,143.5,1.5909923687669096,128.0,0.0
1.0390701685393364,1488.0,1777.64,0.3621478798623284,3.2635206813564257,21.551573177134575,147,142.1,1.6322051761538752,128.8,0.0
1.0426087013923684,1491.0,1778.52,0.32588180412288403,4.246239423638481,20.77358907372302,148,140.5,1.7713900637243856,130.2,3.0
1.0461517711766444,1495.0,1779.44,0.3009216224892036,3.18876280584838,19.255146738147694,148,139.1,1.936684152115284,131.9,3.0
1.0493995188536756,1500.0,1780.1200000000001,0.276264755189117,2.3383783274624097,18.503700790056165,148,137.6,1.8981512196782933,133.1,3.0
1.0534736444896677,1503.0,1780.7599999999998,0.24516680913679706,4.888950763190492,15.340094528891203,148,135.8,1.734324488937449,133.9,3.0
1.0571434123430408,1504.0,1781.48,0.21010305271134833,13.211164272143291,14.278683817154164,148,133.9,1.7294050124563425,134.5,3.0
1.0600819103265346,1511.0,1782.1200000000001,0.17968656605489944,1.5112275343682444,12.776034397056844,148,131.8,1.6538635855244634,134.8,3.0
1.0632524101326728,1514.0,1782.64,0.1503760065434014,3.8045997673658767,10.91629137516152,149,129.9,1.5981276663311206,135.0,3.0
1.0667696526449348,1516.0,1783.0,0.11275618565848015,6.331036522071695,9.594364780039541,148,128.6,1.8889921822214168,134.9,3.0
1.0694513235375542,1522.0,1783.2,0.08564601733530873,1.6090025355716877,8.730265233031371,147,128.0,2.309338295762717,134.9,3.0
1.0723228556260787,1528.0,1783.2400000000002,0.056454259134151884,1.722919253114603,7.024545414910101,147,127.9,2.231216597896503,134.7,3.0
1.0751251924691538,1534.0,1783.28,0.020877648056886765,1.681402105845118,4.1992371761235505,145,128.2,2.136423345094636,134.1,3.0
1.0764896423515933,1538.0,1783.08,-0.015322628164186638,1.2280048941955677,4.066539242172229,142,128.7,1.9258469773505031,133.2,3.0
1.0776570558516922,1541.0,1782.92,-0.034887513701932396,1.4008962001187275,3.3206755936202574,142,129.0,1.762103566212314,132.7,3.0
1.0799388233853264,1546.0,1782.64,-0.03980451462832575,1.6428726242165688,3.5914233912321274,142,129.2,1.6452592294628967,132.7,3.0
1.0840218743895367,1548.0,1782.2400000000002,-0.03621280549497536,7.349491807578535,3.6055498035188536,141,129.6,1.5426387373607446,132.7,3.0
1.0880175632949876,1552.0,1781.7600000000002,-0.020455929768682924,3.5961200149057593,3.893820096678085,140,130.5,1.540310802025825,132.8,3.0
1.0918919748034506,1558.0,1781.6599999999999,-0.006562210416008593,2.324646905077753,4.915255628351892,138,131.6,1.5602014626176763,133.0,3.0
1.0955357272915585,1559.0,1781.86,0.009770263462158963,13.117508957188418,5.258053320137918,138,132.9,1.2232867702076888,133.4,3.0
1.0983847469760815,1563.0,1782.1799999999998,0.022542657397811167,2.5641177160706783,5.664820053409482,137,134.0,0.6260685460473046,134.0,3.0
1.1006352404964097,1565.0,1782.7,0.04065199266889113,4.050888336590974,6.04204593211224,137,134.6,0.5294711731855433,134.6,3.0
1.103112877071249,1566.0,1783.14,0.059642696451058776,8.919491669422014,6.18464562389662,136,135.1,0.4748607455656456,135.3,3.0
1.105269288602415,1569.0,1783.4,0.08008474917459593,2.5876938373989207,7.642277012418627,135,135.7,0.4766997783793545,135.7,3.0
1.1076491824568129,1572.0,1783.6,0.08470918295742,2.8558726252774904,8.173888782891538,136,137.2,0.5044799554744516,136.0,4.0
1.1100518124737253,1575.0,1783.8400000000001,0.07775982721284283,2.883156020294974,7.094669625034813,141,139.2,0.5213964261172925,135.9,4.0
1.112626923668268,1577.0,1784.0,0.06709036038199452,4.635200150176758,9.015958853185342,144,140.8,0.5104221418014199,135.8,4.0
1.116361110167657,1578.0,1784.1199999999997,0.051487312785872465,13.44307139780051,8.883854226855696,145,141.7,0.5721278994868247,135.7,3.0
1.11972496690105,1580.0,1784.1599999999999,0.04094458429169583,6.054942120107553,8.47975044201369,146,141.8,0.5353054361184573,135.4,3.0
1.1241902296387225,1587.0,1784.1599999999999,0.037531956045723576,2.296420836517289,8.692324382149582,147,141.3,0.5416711079232919,135.0,3.0
1.1293573123789562,1588.0,1784.1599999999999,0.03366811808323589,18.601497864841424,8.39019213737463,147,140.6,0.5771475612539045,134.7,3.0
1.1350355431827037,1594.0,1784.2400000000002,0.026131374083334203,3.4069384822485596,8.336484246751521,146,140.1,0.5884469505297665,134.3,3.0
1.1411561705422832,1597.0,1784.48,0.019243263376412433,7.344752831495409,9.099701091391774,145,140.1,0.5190249712996982,133.8,3.0
1.148000168650808,1601.0,1784.7599999999998,0.013952107239017608,6.159598297672218,8.317592492803081,142,139.8,0.5541302024156393,133.3,3.0
1.1534010121663034,1611.0,1784.92,0.010032771335815259,1.944303665578408,8.054215205427358,144,138.9,0.5383872144348143,132.6,3.0
1.1580927018743792,1615.0,1784.9599999999998,0.005947127197732787,4.2225207372682565,8.070818757307665,141,137.5,0.5330112182461051,131.7,3.0
1.1622221927582814,1616.0,1784.8799999999999,0.002811365899129784,14.86616718204816,6.099819525715929,137,136.2,0.5532887986433035,130.5,3.0
1.164967701373808,1617.0,1784.8,-0.0014439587664553544,9.883831015895465,5.88351637653901,133,134.9,0.4394808628375186,129.3,3.0
1.1678904798353382,1619.0,1784.6799999999998,-0.009236045981776108,5.261001230754446,6.32245682533543,130,133.8,0.3300035801002109,128.2,0.0
1.1718715400776785,1623.0,1784.52,-0.014117576390430337,3.5829542181062886,7.138200542037053,127,132.7,0.313346722368651,127.1,0.0
1.1758082121195117,1628.0,1784.4,-0.013452720982087862,2.8344038701198615,7.333203869978677,126,131.5,0.2950493993371609,126.0,0.0
1.1794105964243695,1634.0,1784.3,-0.010515152494384967,2.161430582914653,7.124430122992696,132,130.5,0.3036685651157014,125.1,0.0
1.182998601211839,1635.0,1784.1799999999998,-0.0055437427658088165,12.91681723489007,5.907746766983281,139,129.0,0.4601723570945776,124.5,0.0
1.1871616801756337,1636.0,1784.22,-0.0023452620515119335,14.987084269661434,5.521167511201218,145,127.5,0.5076074407257837,124.6,0.0
1.1916692311322532,1640.0,1784.42,-0.00017375708243551718,4.056795860957494,5.548771445263364,147,126.0,0.5059466786181728,125.4,0.0
1.1967015991913579,1648.0,1784.6200000000001,0.003911887055646957,2.264565626597069,5.581462746194239,145,124.5,0.483750974121094,126.9,0.0
1.2028599898205636,1656.0,1784.8,0.007047648354249958,2.771275783142621,5.6952396011244195,142,123.4,0.7001846916033442,128.9,0.0
1.2104736887027978,1661.0,1784.8799999999999,0.010401049173502453,5.481863195208641,6.052369478398527,140,122.9,0.8093308468476696,131.1,3.0
1.218056853037585,1667.0,1784.8400000000001,0.016551131501109408,4.54989860087229,6.267044812276269,138,122.7,0.9152621597871315,133.3,3.0
1.2248310273661869,1675.0,1784.8400000000001,0.019143865186347794,3.0483784478708738,5.750966142689474,138,122.7,1.2142883696068492,135.1,3.0
1.2312071278392074,1682.0,1784.8400000000001,0.015157130901336968,3.279137386124864,6.635817213978986,136,123.3,1.395867848328836,136.4,4.0
1.2367309018410484,1686.0,1784.8799999999999,0.014543172045895341,4.9713966016568465,7.213710755971343,133,123.8,2.359552973800144,137.5,4.0
1.240437081450176,1687.0,1785.0400000000002,0.017783556028490348,13.342246592858908,7.229111643562069,130,124.0,2.3255986232894026,138.4,4.0
1.242756076237013,1688.0,1785.2,0.02683016036099089,8.348381232613283,7.182801351162899,125,124.2,2.392064918169802,138.9,4.0
1.2456809838930432,1689.0,1785.2,0.038214197453178535,10.529667561708596,7.201384972558131,120,124.5,2.655023339932049,139.0,4.0
1.249103968938472,1691.0,1785.3200000000002,0.052323553438363146,6.161373081771899,8.385381478627341,118,125.0,2.855532029926644,138.9,4.0
1.2529043047511736,1698.0,1785.5400000000002,0.06380692882583616,1.954458417960803,8.778429154511558,117,125.6,2.721879912782299,138.5,4.0
1.2565601038323528,1702.0,1785.86,0.07245299460444264,3.290219173061299,8.585779355476431,117,126.2,2.852479481181617,138.0,4.0
1.2599921319997542,1706.0,1786.1799999999998,0.0789320429926435,3.0888253506613137,8.732562969705356,118,126.7,3.0064889947271616,137.4,4.0
1.2627755384162935,1707.0,1786.6200000000001,0.08336399347755798,10.020263099541275,8.46615687484881,119,127.5,2.7765220150087666,137.2,4.0
1.2651078093795023,1709.0,1786.98,0.08659143728276075,4.198087733775718,7.608787807254728,122,128.0,2.6584438751609376,137.2,4.0
1.267375578769339,1713.0,1787.28,0.08342892453245397,2.0409924508531065,7.146026571790111,125,128.8,1.788827572513771,137.2,4.0
1.270378210164332,1714.0,1787.6,0.07787282597347406,10.809473021974629,7.992264611784395,125,130.2,1.9864114404443824,137.3,4.0
1.2739410573560874,1717.0,1787.8799999999999,0.06915428487697928,4.27541663010655,8.034591106825076,126,131.9,2.0369772954753684,137.4,4.0
1.2770306513777983,1721.0,1788.0,0.061748781012716566,2.7806346195397764,7.839253434900826,129,133.1,1.8447932156586455,137.6,4.0
1.28098701330541,1727.0,1788.0,0.05294080546331564,2.37381715656705,6.597029494215446,132,133.9,1.7484729892271158,137.6,4.0
1.285975087951284,1729.0,1788.0400000000002,0.04760715072460982,8.978534362573013,8.021337758642535,132,134.5,2.338821384217431,137.6,4.0
1.2919865972700566,1734.0,1788.1200000000001,0.04198170364275899,4.328286709516305,8.45631984291308,133,134.8,2.245537467643483,137.7,4.0
1.297173259617429,1741.0,1788.28,0.03230548889865616,2.6674263500772897,7.4327680995842,132,135.0,2.092374914591973,138.1,4.0
1.3025910023569218,1749.0,1788.56,0.024994601720800987,2.437984232771744,7.123225987272565,131,134.9,2.234605105063985,138.6,4.0
1.3079597569607657,1750.0,1788.92,0.022944859621056402,19.327516573837958,7.278790269413935,130,134.9,2.2225080076692385,139.1,4.0
1.3137865808258193,1753.0,1789.1599999999999,0.024738942501887774,6.992188638064222,7.34144016288495,127,134.7,2.224486129483056,139.3,4.0
1.3191269522473899,1757.0,1789.1599999999999,0.027458799802589962,4.806334279413536,6.617077340647522,126,134.1,1.978799309437968,139.3,4.0
1.3267574894895005,1766.0,1789.2,0.03192004114449752,3.052214896844216,6.737844948610089,125,133.2,1.8056443784826748,139.1,4.0
1.3355698957697033,1773.0,1789.28,0.03492497484781842,4.53209465839008,7.25622678166696,124,132.7,2.0350457076861463,138.7,4.0
1.344412916622506,1783.0,1789.4,0.034274926258899996,3.1834875070090187,7.250280208750835,122,132.7,2.0201441554192945,138.1,4.0
1.351906223344732,1791.0,1789.64,0.03245128980822475,3.371988025001707,5.851472627684391,120,132.7,1.908664620292504,137.4,4.0
1.359462729727594,1796.0,1790.0400000000002,0.035883590057015226,5.440684595660577,6.024042116816136,118,132.8,1.854702707576346,136.4,4.0
1.365102175427909,1799.0,1790.44,0.044915575258038784,6.76733484037769,5.815058951301979,118,133.0,1.9063076009220083,135.2,3.0
1.3694775443791671,1807.0,1790.72,0.0526937487160211,1.9689160280662397,5.755350707287638,119,133.4,2.196991460364337,133.6,3.0
1.3736537188758906,1810.0,1790.9599999999998,0.06319394662594403,5.011409396068049,5.841358203806634,118,134.0,2.239722148878482,131.9,3.0
1.3784594837148374,1813.0,1791.3200000000002,0.07424645427012459,5.766917806736021,6.190995530826238,118,134.6,2.347632541498692,130.4,3.0
1.3827495969183763,1820.0,1791.72,0.07896825600989499,2.206343933248618,6.138133013778413,118,135.3,2.6239109882029887,129.0,3.0
1.3869553014750455,1828.0,1792.0400000000002,0.07900980917196093,1.892567050501111,6.779609437160017,119,135.7,2.714398624372314,127.6,0.0
1.3910473180782281,1832.0,1792.4399999999998,0.08815612511601756,3.682814942864245,7.6325343310472205,122,136.0,3.1275111243696685,126.3,0.0
1.3943003705026824,1835.0,1792.8400000000001,0.09904940107077755,3.9036629093451336,8.756809507596223,125,135.9,3.335582254256449,125.6,0.0
1.3961932755372597,1839.0,1793.08,0.12254136198835068,1.7036145311195618,8.384349361668999,128,135.8,2.898008362275592,125.2,0.0
1.3976900538703494,1840.0,1793.2400000000002,0.14779880805552253,5.3884019991228085,9.300754542551454,128,135.7,3.4969707676280875,124.9,0.0
1.3993549103523293,1841.0,1793.6,0.1762517977621158,5.993483335127496,9.450164410976218,129,135.4,3.5366395565717887,124.6,0.0
1.4006142105024888,1842.0,1793.92,0.19727617314594992,4.5334805405739225,10.226144586165955,129,135.0,3.508491799898797,124.9,0.0
1.4023100742097,1847.0,1794.44,0.21917147777190588,1.2210218691921686,10.704115865865997,130,134.7,3.638938631282553,125.4,0.0
1.4041560051287878,1848.0,1795.0,0.23579609581663763,6.6453513087156395,10.678987606831877,131,134.3,4.098557102670273,126.0,0.0
1.4060756518015278,1853.0,1795.64,0.25392638904111425,1.382145604372861,10.853058564533187,133,133.8,3.897247652854921,126.6,0.0
1.407541218088954,1855.0,1796.1599999999999,0.2791071016777357,2.6380193173668776,10.583832682854911,134,133.3,4.259879697363447,127.5,0.0
1.4097402203953344,1858.0,1796.7599999999998,0.2923024408862588,2.6388027676566885,10.907407936278227,135,132.6,3.863159160436008,128.5,0.0
1.4115451003925668,1862.0,1797.3200000000002,0.3039890092238524,1.6243919975090757,10.559404233677153,136,131.7,3.709076691902268,129.6,3.0
1.4132667830313266,1867.0,1797.8400000000001,0.29808386257619135,1.2396114999070293,12.458860747931249,135,130.5,3.8632728537568175,130.8,3.0
1.4153799259592807,1870.0,1798.48,0.28542787314384666,2.535771513545087,10.96707685934762,136,129.3,3.547220051059927,132.3,3.0
1.4172263055187506,1871.0,1799.08,0.25821032035521413,6.6469664140917475,12.795355084255387,136,128.2,4.312833053448701,133.7,3.0
1.4196158065407087,1874.0,1799.6799999999998,0.2438077477136651,2.867401226349761,12.417902095947614,136,127.1,3.9955047134145047,134.6,3.0
1.4219287188803442,1875.0,1800.1599999999999,0.22948317563718942,8.326484422688017,12.024789069877844,136,126.0,4.023378532902301,135.4,3.0
1.4245334746016252,1883.0,1800.6,0.21755834871339425,1.172140074576415,12.383172355933576,138,125.1,3.922061248175806,136.1,4.0
1.4270336233353096,1884.0,1800.8400000000001,0.21294987408817462,9.00053544126358,12.56787755192859,139,124.5,4.385131436976061,136.8,4.0
1.4295747871471693,1888.0,1801.2,0.20205348221772018,2.287047430673742,13.709455716736517,142,124.6,4.081805994816638,137.4,4.0
1.4316451272565098,1891.0,1801.6799999999998,0.1923756293375874,2.4844081312084723,12.089815697185008,143,125.4,4.037299455374738,137.9,4.0
1.4337474752186383,1893.0,1802.1200000000001,0.17920096433580193,3.784226331831156,13.171181621137048,143,126.9,5.093897048620031,137.9,4.0
1.436641686412038,1897.0,1802.6799999999998,0.17383717220905157,2.604790074059738,12.367127617575921,143,128.9,5.3442045441060015,137.9,4.0
1.4393914860788493,1898.0,1803.2,0.1716920110792521,9.899278800521044,12.508795805972065,143,131.1,5.131442157705353,137.7,4.0
1.442163142374932,1905.0,1803.6799999999998,0.18084746423694892,1.4254232379853637,11.120220568151634,140,133.3,4.3879945576524335,137.5,4.0
1.4446922017131505,1906.0,1804.0400000000002,0.18408846262326256,9.10461361758664,11.57033313729362,140,135.1,4.792902970973308,137.6,4.0
1.4475030870754981,1908.0,1804.48,0.18668952570033864,5.059593652225901,12.909323335392722,140,136.4,5.07455945652003,137.7,4.0
1.449885916840395,1913.0,1804.9599999999998,0.1984062317935929,1.7156374307257767,12.830607040885553,139,137.5,4.8273319970830055,137.8,4.0
1.4523622731891388,1916.0,1805.4800000000002,0.2093303819306715,2.9716276184925876,12.784289154408837,138,138.4,4.527391822680277,137.5,4.0
1.4551856941838128,1919.0,1805.9599999999998,0.2252635835860867,3.3881051936089035,11.955646015771238,138,138.9,4.5490473376097365,136.9,4.0
1.458232665636331,1921.0,1806.52,0.2522725159713025,5.48454861453274,12.970304725479172,139,139.0,4.655175225638589,136.3,4.0
1.4609082588455804,1925.0,1807.2400000000002,0.2814408252656041,2.4080338883245753,14.271157321003722,139,138.9,3.6309252443773463,135.8,4.0
1.4634142415869527,1931.0,1808.0,0.30800813873286764,1.503589644823307,13.926637636314794,139,138.5,3.2559012401184058,135.1,3.0
1.4657162571631563,1934.0,1808.8,0.33998292058918583,2.7624186914445232,15.090030745456769,139,138.0,3.7935885533982434,134.3,3.0
1.46779279046839,1937.0,1809.7599999999998,0.3827657593731043,2.491839966280521,16.231406547279825,140,137.4,3.7200877139407935,133.9,3.0
1.4692965772464843,1938.0,1810.6,0.41757720250540975,5.4136324011393695,16.419570598426652,140,137.2,3.5362207249076425,133.5,3.0
1.4706589409593038,1941.0,1811.36,0.4539213264376338,1.6348364553833983,15.558269790203681,142,137.2,3.7543591792105753,133.1,3.0
1.471837376263474,1943.0,1812.1599999999999,0.48960670582580246,2.1211835475062077,15.70196556321003,142,137.2,3.5286148955257928,132.9,3.0
1.473250090574875,1945.0,1813.08,0.5233394611540413,2.5428857605219424,16.78008350929774,142,137.3,4.022292775560608,133.1,3.0
1.4746189732954462,1948.0,1813.8,0.5471931747130018,1.642659264685315,17.007763503791093,141,137.4,4.250312481394088,133.6,3.0
1.4758593610664061,1951.0,1814.52,0.5653067471125429,1.4884653251517943,16.4511370035381,141,137.6,4.238649899398121,134.2,3.0
1.4770219179695572,1954.0,1815.28,0.5933219226620311,1.395068283781286,13.834444530694515,141,137.6,4.608109237375236,134.8,3.0
1.478203879707718,1956.0,1816.0400000000002,0.6086400225033451,2.127531128689537,15.899825805049451,142,137.6,4.719539310896186,135.3,3.0
1.4792895819802532,1958.0,1816.7599999999998,0.6050091383430947,1.9542640905636164,15.894118321406344,142,137.7,4.267219278789716,135.5,3.0
1.480165238439973,1961.0,1817.56,0.5851828906449974,1.050787751663899,15.648150955218913,144,138.1,4.407598077410174,135.4,3.0
1.4809981621123678,1964.0,1818.52,0.5757858128853988,0.9995084068737985,15.491269957588022,145,138.6,4.682763381388898,135.0,3.0
1.4820782688122656,1965.0,1819.4,0.5573366140546199,3.888384119631721,17.481119732228017,145,139.1,4.051888228932273,134.5,3.0
1.483778118400896,1968.0,1820.1600000000003,0.5270346641669221,2.0398195063565665,18.896456312256465,145,139.3,4.080008829702304,133.8,3.0
1.4857357755940186,1971.0,1820.8799999999999,0.48701813995396764,2.3491886317472024,17.871927959142305,146,139.3,3.4803740871378075,133.1,3.0
1.488094549574999,1976.0,1821.64,0.4532290080856908,1.698317266305961,16.687616256273177,147,139.1,3.242714377946162,132.2,3.0
1.4909189526446973,1978.0,1822.36,0.41649210708792583,5.083925525456665,16.27148822223529,147,138.7,3.0837899928652344,131.1,3.0
1.493537755774092,1980.0,1823.0400000000002,0.36610596053761046,4.713845632910624,16.41836244261969,148,138.1,2.739513705816244,130.1,3.0
1.4951932394566323,1984.0,1823.6,0.3356085299133382,1.4899353142861005,14.577591485282806,146,137.4,2.7060533320178286,129.6,3.0
1.496701548729419,1990.0,1824.1599999999999,0.3266820005334413,0.9049855636720565,13.423187351816235,145,136.4,2.5379796664470584,129.9,3.0
1.4982808977110693,1996.0,1824.72,0.32438466135759786,0.9476093889901459,12.233491800541211,143,135.2,2.3292359740477,130.5,3.0
1.5006249544764103,2000.0,1825.1200000000001,0.31126850545089985,2.109651088806832,11.815094893712363,143,133.6,1.7985900986659835,131.2,3.0
1.503180637419998,2003.0,1825.6,0.30419283872651615,3.066819532305228,8.905031505952504,146,131.9,2.0300137787850607,132.0,3.0
1.5049033159641123,2008.0,1826.1600000000003,0.29164996067348503,1.240328551762182,7.243555174632457,145,130.4,2.022551066169815,132.8,3.0
1.5062212253434903,2011.0,1826.72,0.2861814371275091,1.5814912552535716,7.4897292578639805,145,129.0,2.2005297106536283,133.6,3.0
1.5072756605408841,2013.0,1827.1200000000001,0.2772677536605769,1.8979833553086334,8.304597234089107,146,127.6,2.2243563732267666,134.6,3.0
1.5081004134461666,2017.0,1827.52,0.28489475870373476,0.7422776147543457,9.312225802991286,141,126.3,2.121388000415669,135.7,3.0
1.5086362028968694,2018.0,1827.7599999999998,0.31827789176660426,1.9288420225300003,9.341193231802276,135,125.6,2.242530614451685,136.7,4.0
1.5091645538380238,2019.0,1827.9599999999998,0.3496489827205691,1.9020633881557547,8.792737836559763,132,125.2,2.391664158242554,137.3,4.0
1.5098025634045176,2020.0,1828.1200000000001,0.36607651058335267,2.2968344393771623,8.981134462449036,129,124.9,2.7052650633607143,137.3,4.0
1.510524938480323,2021.0,1828.44,0.37648447810596875,2.600550272899125,8.824570293482704,129,124.6,2.8211032195571617,137.0,4.0
1.5114828950161212,2023.0,1828.9599999999998,0.38849977015970555,1.7243217644369322,8.864359584100985,128,124.9,3.03665229557942,136.7,4.0
1.5126733552035352,2026.0,1829.6,0.39164759865268683,1.4285522248967812,10.583217005998211,128,125.4,3.749153467538389,136.2,4.0
1.5139968371890364,2030.0,1830.2400000000002,0.40436326999225736,1.1911337869511167,11.746307243480972,126,126.0,3.816049430353922,135.2,3.0
1.5153736321655944,2036.0,1830.8799999999999,0.41416142924075156,0.8260769859347847,11.08265442592804,124,126.6,3.761090470476618,133.8,3.0
1.5168632145693446,2040.0,1831.44,0.4080202305474927,1.3406241633752043,10.047803727352498,127,127.5,3.697295071153028,132.3,3.0
1.5188915049991543,2042.0,1831.92,0.37305674976917913,3.650922773657305,8.631705594215251,128,128.5,3.873432888888959,130.8,3.0
1.5205949225430273,2043.0,1832.36,0.28976826751406204,6.1323031579430065,7.632127243459425,129,129.6,3.8223071927695953,129.4,3.0
1.5218403074424647,2047.0,1832.72,0.18037747555664915,1.1208464094936106,6.807761338802526,131,130.8,4.614359607065386,128.1,0.0
1.5229643923685967,2050.0,1832.8400000000001,0.06876224141104673,1.3489019113584921,6.08835823915714,132,132.3,4.593976673854108,127.0,0.0
1.5239264774153203,2057.0,1832.8400000000001,-0.0026036128193964807,0.4947865954577968,5.615695640893231,134,133.7,4.521350133549843,126.1,0.0
1.5241195610887759,2065.0,1832.6,-0.031504185374494995,0.08688765305504421,4.870130837212803,131,134.6,4.462351520872538,125.4,0.0
1.5243363184699448,2068.0,1832.28,-0.05063116252159938,0.26010885740260586,2.8460525006338573,130,135.4,3.577145354140188,125.0,0.0
1.5244737591915527,2071.0,1832.0,-0.06809607809251811,0.16492886592959724,0.7768105231614424,130,136.1,3.649180735102937,125.3,0.0
1.5246967585339375,2072.0,1831.92,-0.06272090795055911,0.8027976325855877,0.4573185297010653,133,136.8,3.4649069917749067,126.0,0.0
1.5251244059698523,2073.0,1831.9599999999998,-0.07417465361854228,1.5395307692937175,0.3290816599685605,138,137.4,3.6065947185928495,126.8,0.0
1.5252809481084952,2075.0,1832.0,-0.12155677839972727,0.2817758495574304,0.33891571302124224,141,137.9,3.5928564151051505,127.6,0.0
1.5254143822054445,2078.0,1832.0400000000002,-0.10896404347403146,0.16012091633916378,0.37362370282309926,140,137.9,3.537533915183006,128.3,0.0
1.5256725033402379,2084.0,1832.1200000000001,-0.12134155550160357,0.1548726808759972,0.4052310133506861,137,137.9,2.5081727833945964,128.9,0.0
1.5258955026833376,2085.0,1832.1200000000001,-0.7853591225566932,0.8027976351595155,0.4020771000666974,137,137.7,2.409979918507374,129.5,3.0
1.5263231501196668,2088.0,1832.0,-0.8435180652597702,0.5131769235948853,0.5154776266583063,140,137.5,2.46500113539492,130.6,3.0
1.5264244527374462,2089.0,1831.9600000000003,-0.9199389485764762,0.3646894240060148,0.5647761872934699,146,137.6,2.403740366017736,131.9,3.0
1.5265436953940659,2090.0,1831.8,-0.9705093290720275,0.4292735638310155,0.5927318635537621,150,137.7,2.594005433773078,133.3,3.0
1.52683495495869,2109.0,1829.8399999999997,-1.0192634512008705,0.05518602277087026,0.6443998537641901,146,137.8,2.342347298613645,134.4,3.0
1.5272293591835342,2110.0,1829.64,-1.0858411247599362,1.419855209439637,0.668622847539447,142,137.5,2.269558545629306,135.5,3.0
1.5275547219989813,2111.0,1829.48,-1.1327000632511004,1.1713061356100418,0.589742123639282,139,136.9,2.0246397101372784,136.9,4.0
1.5278425824719861,2114.0,1829.4,-1.1541939350844597,0.34543256760577845,0.62963044249477,136,136.3,2.06296360262275,138.4,4.0
1.5281286299440113,2116.0,1829.3200000000002,-1.2309115239743624,0.5148854496452895,0.6149032522565134,133,135.8,1.9541562397105383,139.9,4.0
1.5282030373255766,2117.0,1829.2400000000002,-1.265664087057864,0.2678665736346166,0.6208902099381354,132,135.1,1.9992356461971583,141.6,4.0
1.5284443214208185,2125.0,1829.1200000000001,-0.584454939987048,0.10857784285883348,0.6522283413676399,137,134.3,2.309006652050981,143.0,1.0
1.5286843850971392,2126.0,1828.9599999999998,-0.5460243967738796,0.864229234754295,0.5229140743083167,137,133.9,2.249289474515206,143.7,1.0
1.5289722455751917,2131.0,1828.7599999999998,-0.48325021921183814,0.20725954419776607,0.3985973833009381,137,133.5,2.37754862370604,144.0,1.0
1.5291808642429383,2133.0,1828.56,-0.4337559722062602,0.3755136019439225,0.3842478299385109,136,133.1,2.323466819849014,144.1,1.0
1.5293958324318906,2136.0,1828.48,-0.43084640103541616,0.2579618267428546,0.37027543149727526,133,132.9,2.359471597146948,144.4,1.0
1.5295523745715471,2138.0,1828.4,-0.5087947977111819,0.28177585138178834,0.365640175266421,129,133.1,2.5643466295287336,144.8,1.0
1.5297011893375634,2145.0,1828.4,-0.4990648894327571,0.07653330823696551,0.3692336879646075,128,133.6,2.621882193979652,144.9,1.0
1.5298999271045524,2149.0,1828.44,-0.4656482606455379,0.17886399029017838,0.28386842557024683,125,134.2,2.664693058769652,144.7,1.0
1.530084322781958,2151.0,1828.36,-0.38374000047363943,0.33191221933038795,0.26816729939298567,121,134.8,2.697647092481074,144.9,1.0
1.5301732788463551,2152.0,1828.0400000000002,-0.2865273133846768,0.3202418318295387,0.25469375498787955,117,135.3,2.8278051251154013,145.4,1.0
1.5306061463518443,2157.0,1827.92,-0.2247618857386951,0.31166460395224116,0.268259001023264,114,135.5,2.52030858501117,146.2,1.0
1.5312462425093598,2165.0,1827.8,-0.20415959002961798,0.28804327088200093,0.26781357665119376,114,135.4,2.778093545082027,147.1,1.0
1.5317802330075014,2176.0,1827.7599999999998,-0.2529341742799548,0.17476052666456393,0.33860276853957644,117,135.0,2.5319604280422885,148.1,1.0
1.5321360572643825,2180.0,1827.7599999999998,-0.3720973493491071,0.320241831192947,0.3286135997099281,119,134.5,2.9228331044118305,149.1,1.0
1.5326278048080215,2185.0,1827.8400000000001,-0.41809840722240815,0.35405823142002263,0.3120834323589642,122,133.8,3.001009726274384,149.9,1.0
1.532936529658137,2190.0,1827.7599999999998,-0.406443847963745,0.22228189208318397,0.3190651223777478,119,133.1,2.94435435137298,149.9,1.0
1.5332510356189901,2192.0,1827.56,-0.46242818560032495,0.5661107295357923,0.38775816776449407,118,132.2,3.0855228343602343,149.6,1.0
1.5336526912126818,2206.0,1827.1599999999999,-0.4491583211626998,0.10328286694927871,0.3865006543420814,117,131.1,2.85177900598848,149.2,1.0
1.5339195594051658,2211.0,1826.8799999999999,-0.4378902276090518,0.19214509858844991,0.42137011454127,117,130.1,2.937088131035266,148.4,1.0
1.5341729062206897,2215.0,1826.52,-0.4139220413984986,0.22801213397160316,0.40813037657286133,114,129.6,3.0363341663506587,147.1,1.0
1.5347066426056577,2217.0,1826.2,-0.2996268924030594,0.9607254929422496,0.3732691467872086,112,129.9,3.4788569405845124,145.5,1.0
1.5351091292071797,2223.0,1826.1200000000001,-0.09099698169905757,0.24149196091321698,0.45475593815514354,111,130.5,3.329307181542533,143.8,1.0
1.5355390655654733,2227.0,1826.1200000000001,0.02239963885902918,0.38694272246420836,0.3882080128177699,111,131.2,3.8490479837018463,142.1,4.0
1.5358616314781066,2239.0,1826.2,0.17979000177756413,0.09676977379002533,0.38301388113274465,110,132.0,3.346131060452221,140.4,4.0
1.5360644756898842,2252.0,1826.64,0.1802283869317876,0.05617224326146932,0.3618260247153636,111,132.8,3.372455082703471,139.1,4.0
1.536541837924615,2255.0,1827.2400000000002,0.10126796980095296,0.5728346816768785,0.3655863512943732,110,133.6,3.440457233152867,138.5,4.0
1.5368278809778428,2259.0,1827.44,-0.08372705968936689,0.2574387479051511,0.31149090702649807,110,134.6,3.5830340771215985,138.4,4.0
1.5369904489928137,2263.0,1827.6,-0.25996443019033666,0.14631121347384773,0.4141583423225699,111,135.7,3.557615186461887,138.7,4.0
1.5371750963221231,2276.0,1827.4,-0.47687250386524127,0.0511331065780153,0.37640873051390494,110,136.7,3.57755042587326,138.7,4.0
1.5373537693439843,2278.0,1826.92,-0.6462281444275971,0.32161143935025055,0.49374953987238096,110,137.3,3.2590404153815187,138.4,4.0
1.5378015621010344,2284.0,1826.1200000000001,-0.9166369207808958,0.26867565423007794,0.48753973471066275,110,137.3,2.719788254711788,138.0,4.0
1.5380808499785024,2285.0,1825.6,-1.1904790123646358,1.005436358884535,0.38454416183981127,111,137.0,2.969333761634542,137.6,4.0
1.5382398401807307,2293.0,1825.0400000000002,-1.3764634874485346,0.07154559100276597,0.4220821925820756,110,136.7,2.5084802265960104,137.0,4.0
1.5385952751968826,2294.0,1824.64,-1.515323771309792,1.279566058146379,0.4576468598031839,110,136.2,2.4727919135666725,136.3,4.0
1.5389410519013638,2308.0,1824.2399999999998,-1.5479477864313815,0.08891400972372401,0.4828021376857892,110,135.2,2.605411192517018,136.0,4.0
1.5391624506964852,2317.0,1823.9600000000003,-1.469411036299341,0.0885595180485717,0.6536992781899711,110,133.8,2.6784900096079007,136.4,4.0
1.5394096198246827,2319.0,1823.56,-1.3179275515094058,0.44490443075542874,0.6418998555593175,109,132.3,2.678543127522244,136.6,4.0
1.5397417180193158,2322.0,1823.2399999999998,-1.2134009453464212,0.3985178335596408,0.5887872958364306,106,130.8,2.818612396601579,136.7,4.0
1.5401324858336292,2327.0,1822.8,-1.0783493724997855,0.2813528263055726,0.6174910200235046,105,129.4,2.8966028363378165,137.1,4.0
1.5406396126892712,2328.0,1822.4,-0.9473047292622182,1.8256566803111485,0.4965912231322062,105,128.1,2.9935379379151628,137.8,4.0
1.5410974747741322,2338.0,1821.8799999999999,-0.7978312298066197,0.16483035054995815,0.5214234652033969,104,127.0,3.3205202466641133,138.8,4.0
1.5418446957319047,2343.0,1821.4399999999998,-0.635764738947799,0.5379990895962002,0.7192505372678871,103,126.1,3.1490966205969046,139.8,4.0
1.5423644466477715,2350.0,1821.0,-0.3930071307330562,0.26730047101719323,3.470229708490799,103,125.4,3.247619785904837,141.1,4.0
1.5427167317710595,2352.0,1820.92,-0.1316949534765054,0.6341132219184654,5.023852479158393,103,125.0,3.3582046897673896,142.5,1.0
1.543047668755264,2361.0,1821.0,0.1585699401688915,0.1323747936817414,6.305906491762143,103,125.3,3.2836025272723304,143.1,1.0
1.5438482733320085,2371.0,1821.44,0.45760660191632513,0.2882176476280382,7.004995424773166,103,126.0,3.2969362401757585,142.9,1.0
1.5447848801344648,2372.0,1822.1599999999999,0.8025160101178443,3.371784488843084,7.383280982815781,104,126.8,2.9844385850753112,142.4,4.0
1.5453194251621316,2373.0,1823.2,1.0884666223337758,1.9243620996007915,8.035496191366855,104,127.6,3.213071271659891,141.9,4.0
1.54575872868335,2374.0,1824.28,1.286052253444382,1.5814926763866064,8.75124917243593,104,128.3,3.082592280126318,141.5,4.0
1.5463648695812062,2376.0,1825.4399999999998,1.3102038801847908,1.0910536161412692,8.794600346862264,105,128.9,2.924371230912178,141.0,4.0
1.5470285180218124,2381.0,1826.6399999999999,1.2461155640689092,0.4778268772364715,8.775749736246658,105,129.5,2.4808386320805305,140.3,4.0
1.5477439739719718,2384.0,1827.56,1.04387187791292,0.8585471401912951,8.57025669323913,106,130.6,2.204213047354584,139.4,4.0
1.5482471824857769,2386.0,1828.0400000000002,0.787078735834541,0.9057753248489111,5.8889091769768385,106,131.9,2.3821724992426425,138.3,4.0
1.5484597724373734,2394.0,1828.08,0.4522949056151339,0.0956654782184105,4.4801694085018635,108,133.3,2.2282550825512177,137.1,4.0
1.5485450816448818,2399.0,1827.8799999999999,0.15687657122553994,0.06142262940598169,3.318242841584057,109,134.4,2.130483163923081,136.1,4.0
1.5486386839009225,2405.0,1827.4,-0.19671427949957704,0.05616135362436311,2.433376493037378,110,135.5,1.9085825963856784,135.0,3.0
1.5489324961999207,2406.0,1826.9599999999998,-0.5763383154857172,1.057724276393442,2.0538099501995974,118,136.9,1.9054778618229296,134.1,3.0
1.5493973894673227,2407.0,1826.48,-0.9581204970317042,1.6736157626475958,1.3741661034935435,122,138.4,1.6015503848631156,133.0,3.0
1.5497692172648412,2408.0,1826.1599999999999,-1.2023219512619483,1.3385800710663547,0.6444954042215545,122,139.9,2.576503208927304,131.5,3.0
1.5501928882051115,2416.0,1825.7199999999998,-1.3668174510427094,0.19065192312165843,0.591457835452316,122,141.6,2.71577305236904,129.8,3.0
1.5502781974034299,2418.0,1825.2,-1.4463516231071507,0.15355655697313358,0.6169011218761313,121,143.0,2.771712373289075,128.6,0.0
1.5507725356271247,2424.0,1824.6,-1.4365364060925407,0.29660293421684025,0.6155411068507972,120,143.7,4.007684099339565,127.7,0.0
1.551108661388208,2430.0,1824.1599999999999,-1.3734331020246462,0.20167545664994566,0.5238023395856609,118,144.0,3.741982406042678,126.9,0.0
1.5513620082036552,2437.0,1823.6399999999999,-1.231909678185648,0.130292647944376,0.3571085324083211,116,144.1,3.7794989253183866,125.8,0.0
1.5517680981411617,2441.0,1823.2400000000002,-1.0272693659569367,0.3654809437558479,0.2104462024052106,116,144.4,4.042992636840506,124.7,0.0
1.5518010419390071,2454.0,1822.92,-0.799749101834075,0.009122897864885793,0.19018671223508749,114,144.8,4.133969694536253,124.1,0.0
1.5523573583529433,2462.0,1822.7199999999998,-0.5899495072008327,0.2503423862712298,0.18392792571262506,112,144.9,4.228120852291362,123.6,0.0
1.5527590233587074,2470.0,1822.6799999999998,-0.37404152656019424,0.18074925259386906,0.18402856624851008,109,144.7,4.265790580664838,123.6,0.0
1.5528603259703533,2474.0,1822.8799999999999,-0.24556920261228693,0.09117235048132641,0.2001457577973102,108,144.9,3.2893976965562373,123.8,0.0
1.5529616285820267,2486.0,1823.08,-0.09638108632361905,0.03039078350202541,0.9658890750018893,106,145.4,4.277263704617636,124.2,0.0
1.5530446531317854,2490.0,1823.2400000000002,0.05588302318992815,0.07472209478284654,2.9249550313478485,105,146.2,5.068977872354472,124.3,0.0
1.5531299623403008,2493.0,1823.36,0.21191304297805874,0.10237105021843002,3.2395450926934624,104,147.1,4.003331219017541,124.4,0.0
1.5532636009468228,2499.0,1823.36,0.3275111650130201,0.08018316391319823,3.6809906931290137,108,148.1,4.266069670159792,124.8,0.0
1.5539966027774643,2501.0,1823.3200000000002,0.39307609672911276,1.3194032951545716,5.4842837064165995,113,149.1,4.247496439975167,125.7,0.0
1.5550697865588714,2502.0,1823.52,0.348141827135264,3.8634616130652257,6.944976337181974,113,149.9,4.036632892625243,126.9,0.0
1.5563853688708806,2509.0,1823.9599999999998,0.31352656341127483,0.6765851890333717,7.912502606288927,114,149.9,4.436497846097906,128.0,0.0
1.5578484808734632,2514.0,1824.52,0.29907969826182607,1.0534406418593911,11.846557556991366,114,149.6,5.091682216088939,129.4,3.0
1.5600336448556358,2516.0,1825.2400000000002,0.3120842042766344,3.9332951679108423,12.537442830616305,113,149.2,5.084268792094672,130.4,3.0
1.5616089637614277,2518.0,1826.0,0.34763729140556765,2.835574030425553,15.782606549231536,112,148.4,5.690503023988916,131.2,3.0
1.5638381804460522,2523.0,1826.6799999999998,0.3998586646246846,1.605036012929681,15.79433645590223,112,147.1,4.9091848790184205,131.8,3.0
1.56597664712339,2524.0,1827.2400000000002,0.43192025243197385,7.698480038416558,16.999044334690723,112,145.5,4.131215615865289,132.3,3.0
1.567945606936311,2531.0,1827.8800000000003,0.45515934918921647,1.012607903787882,17.865893767355374,112,143.8,4.390583358372252,132.6,3.0
1.5691380232222674,2532.0,1828.44,0.4756804713850431,4.292698629442848,18.273019771242243,112,142.1,4.2347157190859495,132.5,3.0
1.5704623929897448,2537.0,1829.1199999999997,0.506908962910292,0.953546232583664,19.40148550788188,113,140.4,4.364798004764207,132.2,3.0
1.5715339880643378,2538.0,1829.8799999999999,0.5301349281936579,3.8577422685346283,20.505150707828896,114,139.1,4.404490406223358,131.6,3.0
1.5727199627730084,2541.0,1830.6799999999998,0.5549319687614318,1.4231696504048943,20.959581836425457,115,138.5,5.5322536350331095,130.5,3.0
1.573599574385227,2544.0,1831.4,0.5854413181176434,1.0555339346622394,19.584203312432145,115,138.4,4.914870862482464,129.0,3.0
1.5745875654701877,2545.0,1832.2,0.6140895284773643,3.556767905859142,19.567286873607166,116,138.7,4.943550817441825,127.6,0.0
1.5754466971290093,2546.0,1832.8799999999999,0.6321436144187074,3.092873971757726,18.479649114388607,116,138.7,4.369875087777004,126.5,0.0
1.576398411842279,2548.0,1833.48,0.63065730284604,1.7130864838851612,18.941379913387202,113,138.4,4.430723139128812,125.8,0.0
1.5772575681881569,2549.0,1834.0400000000002,0.6229905832798189,3.0929628451605087,17.74370655532412,110,138.0,4.575027737698816,125.2,0.0
1.577967433273896,2552.0,1834.6,0.6031764066177664,0.851838102886998,17.582456775148728,113,137.6,4.571748006418657,124.9,0.0
1.5787017857887171,2553.0,1835.08,0.5782904528435566,2.643669053356186,17.47435967811186,115,137.0,4.32530617429033,124.8,0.0
1.5795402649856791,2555.0,1835.52,0.5315521719935754,1.5092625545317235,16.44128974978309,119,136.3,4.074242180976614,125.0,0.0
1.5802131258194472,2556.0,1836.08,0.49928399552363273,2.422299001565356,15.129288926663643,122,136.0,3.884080076259392,125.3,0.0
1.580976035488239,2558.0,1836.6799999999998,0.46704906837335186,1.3732374038250434,18.166213622905218,124,136.4,2.405142500719164,125.9,0.0
1.5825535999849494,2563.0,1837.28,0.4375149587016215,1.1358464376315862,16.343814445161584,126,136.6,2.2215656726525284,126.8,0.0
1.5843142255896645,2565.0,1837.8399999999997,0.401431264602308,3.169126088487352,16.771418098988324,125,136.7,2.0619473224614864,127.9,0.0
1.5872971519876509,2570.0,1838.56,0.38967839753197947,2.147707006550257,16.280100837425074,127,137.1,2.591431725286703,129.1,3.0
1.5900724046226877,2571.0,1839.2,0.383383168289095,9.990909486133102,16.379954565160634,127,137.8,2.280094311939391,130.1,3.0
1.5926664340123493,2578.0,1839.8799999999999,0.3747463912525874,1.3340722575401855,15.051962533923989,124,138.8,2.1233273795420478,131.2,3.0
1.594892259589983,2582.0,1840.52,0.3786310382165697,2.0032430198703426,15.760080844100225,124,139.8,2.275172430314196,131.9,3.0
1.5972424563739365,2585.0,1841.3600000000001,0.40039236459030747,2.8202361407441376,16.76926949863189,125,141.1,2.612800366604304,132.4,3.0
1.5984417027388915,2587.0,1842.1200000000001,0.41257348695775126,2.1586434569190707,15.443682054539078,126,142.5,2.7552031942548947,132.4,3.0
1.599648122550138,2591.0,1842.8,0.41191911166049966,1.0857778301219119,14.856231932858776,128,143.1,2.902721765157317,132.1,3.0
1.6011365853767037,2593.0,1843.5600000000002,0.42204134277874406,2.6792330878182224,11.3481895689978,130,142.9,3.038379551873922,131.7,3.0
1.6026232195839742,2595.0,1844.48,0.43150866224650475,2.6759415730870333,13.151945345662998,131,142.4,3.1928957805635587,131.1,3.0
1.6038307977663402,2600.0,1845.1600000000003,0.4418355545754647,0.8694562913034014,13.925055558012257,133,141.9,3.5937528532859857,130.3,3.0
1.6049051595530868,2604.0,1845.72,0.4451291805836178,0.9669256080719684,12.879691685669423,132,141.5,3.127211382489711,129.3,3.0
1.605984114936138,2607.0,1846.4,0.46364053518979703,1.294746459661438,12.440338036258451,135,141.0,3.2365822788133785,128.4,0.0
1.6078229543454972,2609.0,1847.1200000000001,0.4779225220368046,3.309910936846295,16.044029182535116,138,140.3,3.2521247381433285,127.5,0.0
1.6099137056539807,2612.0,1847.8,0.47394483759690703,2.5089015701802055,15.765719619261287,141,139.4,2.886178082617173,126.7,0.0
1.611910139748596,2620.0,1848.52,0.46323742438770993,0.8983953425769102,14.938394895675955,137,138.3,3.679658961538556,125.9,0.0
1.613902541736269,2626.0,1849.4399999999998,0.4756532813867011,1.195441192603772,16.245987325437863,134,137.1,3.6505211245789946,125.4,0.0
1.6158440033418313,2627.0,1850.28,0.4938332914372226,6.989261780025061,16.27852916558161,134,136.1,4.249866990339372,125.0,0.0
1.6172993316102302,2630.0,1850.9599999999998,0.5088460170012137,1.7463939220787503,16.418494285194676,133,135.0,4.037355347980375,124.8,0.0
1.6185707938797547,2634.0,1851.6799999999998,0.5250137741944408,1.1443160425719288,14.576044065902916,133,134.1,4.120564099853325,125.0,0.0
1.6198439928775454,2636.0,1852.44,0.5388979062630291,2.291758196023521,13.31344177553937,132,133.0,3.874976648198806,125.5,0.0
1.620783942471017,2640.0,1853.1200000000001,0.545699400711887,0.845954634124505,15.306056909021066,132,131.5,4.075991412120931,126.1,0.0
1.6215142356253502,2642.0,1853.8,0.5462645363638492,1.314527677799608,15.260997234207386,133,129.8,4.031284820046087,126.7,0.0
1.6222251045723464,2645.0,1854.48,0.5524027226591521,0.8530427363954176,15.858617163855339,132,128.6,4.269444398218136,127.3,0.0
1.6230888293063768,2649.0,1855.1200000000001,0.559137895508047,0.7773522606272745,15.410261121574962,132,127.7,4.199414645440507,127.9,0.0
1.6239756094826578,2650.0,1855.72,0.555223128391361,3.1924086346116245,15.75788020788237,132,126.9,3.035974052718487,128.7,0.0
1.625428978468679,2655.0,1856.4,0.5482901713195169,1.0464256699352534,17.556156027204075,134,125.8,2.9071632650223123,129.4,3.0
1.6270607746988894,2656.0,1857.1199999999997,0.532142425712541,5.874466428757154,17.69832994105865,134,124.7,2.4422373237474693,130.0,3.0
1.628736850802941,2661.0,1857.8,0.5080424058524187,1.2067747949171703,18.046153215018727,134,124.1,2.3902276540002565,130.5,3.0
1.6301204882829647,2664.0,1858.48,0.48224593001176147,1.660364976028555,19.318935832688286,135,123.6,2.4142171325436714,130.6,3.0
1.6315645429469778,2665.0,1859.28,0.4536387308472243,5.1985967904468025,19.533097374605102,136,123.6,2.2766786268925565,130.4,3.0
1.6329792779683845,2669.0,1859.9599999999998,0.4311253382955481,1.2732615192659584,19.598900583077988,138,123.8,2.167509774830976,130.3,3.0
1.6349739709717193,2672.0,1860.56,0.39870823852068654,2.393631604001708,20.04763854734795,139,124.2,2.117781688107468,130.4,3.0
1.6369827638625183,2674.0,1861.1599999999999,0.36726325592284514,3.615827203438384,15.725334039700153,139,124.3,2.09314597989838,130.3,3.0
1.6388519067762077,2678.0,1861.64,0.3438532788741912,1.6822286223205307,16.557915433649377,136,124.4,2.1100229697202324,130.4,3.0
1.6408862216747035,2679.0,1862.2,0.3199320523075332,7.323533634585169,15.820797162901362,135,124.8,2.2660481830540604,130.5,3.0
1.6426235199907053,2681.0,1862.72,0.2813284678877329,3.127136968803055,13.317536175754128,133,125.7,3.154287964284888,130.8,3.0
1.6442887727784259,2685.0,1863.36,0.24483658513827736,1.4987275089485896,13.032306741348345,133,126.9,3.220035443033101,131.2,3.0
1.6462877724585487,2686.0,1864.0400000000002,0.205242787630177,7.196398848442126,12.801858622952002,133,128.0,3.506064460832846,131.3,3.0
1.649144790327251,2691.0,1864.64,0.1659418690912764,2.0570528654655678,11.136177258034762,132,129.4,3.261335258517688,131.1,3.0
1.6518765232293158,2693.0,1865.0,0.14182500136736204,4.917119223716881,11.275492470816157,132,130.4,3.759511409911205,130.6,3.0
1.6561727396178216,2699.0,1865.1200000000001,0.11888100127010726,2.5777298331035183,9.1576435541962,135,131.2,3.794179041883864,130.0,3.0
1.660055970905532,2701.0,1864.9600000000003,0.10943411099432687,6.989816317878903,8.12766389340219,135,131.8,3.911295243016211,129.2,3.0
1.6640628026687443,2710.0,1864.8,0.1010129545094786,1.6027327052848657,8.147729896988311,134,132.3,3.743032744617493,128.5,0.0
1.6684865935582491,2713.0,1864.92,0.09295947407757346,5.308549067405789,7.163102672064776,131,132.6,3.732544622707988,127.7,0.0
1.673148160593403,2718.0,1865.1599999999999,0.0842688566967875,3.3563282653107924,8.454321340604778,128,132.5,3.8570970841287946,126.8,0.0
1.6766732990011046,2726.0,1865.7600000000002,0.08687323366740629,1.5863122834656456,7.688752603642564,124,132.2,3.071059050797108,125.8,0.0
1.680051842476098,2730.0,1866.4399999999998,0.0948570687005342,3.040689127494098,7.736676141492706,121,131.6,2.956836582161977,125.1,0.0
1.683415068160659,2733.0,1867.1200000000001,0.11324434444692555,4.035870821473211,7.485293430698346,121,130.5,2.6342215643227087,124.9,0.0
1.6861131745188127,2734.0,1867.6,0.1315849868315702,9.713182889353305,10.138586283588165,121,129.0,2.880712238274618,125.1,0.0
1.6890195675577708,2740.0,1868.1200000000001,0.14584906443121692,1.7438358233749207,9.759995995627367,121,127.6,3.177958558367567,125.6,0.0
1.6916396009471173,2744.0,1868.52,0.15344635589169078,2.3580300504119096,10.279758832289703,120,126.5,2.9169679309212238,126.1,0.0
1.6957372826811026,2748.0,1869.0,0.1551804295313713,3.687913560586705,10.68882443531697,119,125.8,2.8173626114219275,126.8,0.0
1.6997083328626588,2749.0,1869.48,0.1519670958839139,14.29578065360266,12.3787653408289,119,125.2,3.085905495249645,127.7,0.0
1.7037353258883186,2755.0,1870.0800000000004,0.15276632253848216,2.416195815395879,12.12225038439344,118,124.9,3.0742674849985425,128.8,0.0
1.707326296878796,2758.0,1870.56,0.1552949789888247,4.309165188572758,12.21238788469366,119,124.8,3.1963581352156885,129.9,3.0
1.7117398113919793,2764.0,1871.1599999999999,0.15807277011518273,2.648108707910008,12.534528240354591,118,125.0,3.2189453176071057,131.2,3.0
1.714667010330576,2765.0,1871.6799999999998,0.16083630122569104,10.537916178947427,13.507785258027678,118,125.3,3.059562117919362,132.3,3.0
1.7177082270662374,2770.0,1872.2800000000002,0.16468444329167853,2.189676049676216,13.859854273040202,120,125.9,3.821811669256187,133.3,3.0
1.7201815199400559,2771.0,1872.72,0.16418366320947478,8.903854345746172,11.471278644097945,120,126.8,3.6307553398086254,134.2,3.0
1.7225619099633738,2774.0,1873.1599999999999,0.15911984321823136,2.8564680279814874,11.56300605864733,124,127.9,2.871517340998498,135.1,3.0
1.7242220887052109,2775.0,1873.52,0.15908318516951375,5.976643470613944,12.830450503714024,126,129.1,3.4409419493580717,136.0,4.0
1.7259535983144574,2776.0,1873.9599999999998,0.15491016958274176,6.23343459328741,13.426861016732738,128,130.1,3.3858601528141934,136.7,4.0
1.7272176508954638,2778.0,1874.3200000000002,0.15130826657204666,2.275294645811568,11.609594072248674,132,131.2,3.702622002956341,137.0,4.0
1.7288350191570703,2780.0,1874.6799999999998,0.14255092692427976,2.911262870891793,11.557586599403999,136,131.9,3.639435637375809,137.4,4.0
1.7322106547726033,2781.0,1875.1200000000001,0.13858771201758607,12.152288215918574,11.072875189886517,139,132.4,3.336418507063206,137.9,4.0
1.7368304581745648,2784.0,1875.56,0.1328793339897598,5.543764082353807,11.889576236996184,141,132.4,3.415018268695166,137.8,4.0
1.7416010755682316,2793.0,1875.9600000000003,0.1355996156508757,1.908246957466718,11.36594704264635,143,132.1,3.562570181764621,137.4,4.0
1.7466648686545074,2801.0,1876.3200000000002,0.13675766829010277,2.278706888824112,11.128597488061171,143,131.7,2.785947028845636,136.7,4.0
1.7514923019516604,2804.0,1876.72,0.1483839646885729,5.792919956583665,11.467506040423656,139,131.1,2.8919557294823504,135.9,4.0
1.7546439868869097,2806.0,1877.1200000000001,0.16948072653607907,5.673032883448706,12.354179586914887,137,130.3,2.9790356907385203,135.1,3.0
1.7565908584848229,2808.0,1877.6800000000003,0.18934358914801422,3.5043688762437064,10.796212920963523,137,129.3,2.4692192280344925,134.7,3.0
1.7583875434010785,2810.0,1878.2400000000002,0.21314238265265942,3.2340328492601325,10.337256356710128,137,128.4,2.6700021747075264,135.3,3.0
1.7604640848970003,2813.0,1878.92,0.24198014612395427,2.4918497951061425,12.600075654616106,137,127.5,1.9821001182369131,137.1,4.0
1.762671052536545,2815.0,1879.72,0.2673076832935569,3.9725417511803336,12.809671684526247,137,126.7,1.9464363503694684,138.9,4.0
1.7647930396513296,2819.0,1880.44,0.29072700631665555,1.9097884033061432,13.255580063889045,138,125.9,2.143376682009692,140.6,4.0
1.7667858441399567,2823.0,1881.2,0.3127665539200355,1.7935240397643968,14.500021742555408,137,125.4,2.026854475885267,142.7,1.0
1.7688094886094747,2824.0,1882.0399999999997,0.3211866701426346,7.285120090265099,13.996062444204934,138,125.0,1.943715406416866,145.1,1.0
1.770524709158641,2828.0,1882.8,0.3276194477967747,1.5436984942496126,15.627987175906776,137,124.8,1.9698727995515808,147.9,1.0
1.7727215147510031,2830.0,1883.5600000000002,0.3238765733169592,3.9542500662521554,16.575415372102203,137,125.0,2.004166872791683,150.8,1.0
1.7749032973694692,2831.0,1884.3200000000002,0.308530195266106,7.8544174264780295,16.383745716832646,137,125.5,2.0725682766118085,153.7,2.0
1.776981507435129,2837.0,1884.9599999999998,0.2974862073246408,1.2469260393958796,17.432618590763237,137,126.1,2.392366052629303,156.2,2.0
1.779251177337798,2838.0,1885.6799999999998,0.2826011754186265,8.170811649608286,17.478146262463785,138,126.7,2.319896936869063,157.7,2.0
1.7819023144785984,2840.0,1886.36,0.25882509833587736,4.7720468534409495,15.546555646815643,138,127.3,2.2926753636429185,158.2,2.0
1.7851155777546155,2843.0,1887.0,0.23893461724508458,3.8559159312206623,15.600080564867994,139,127.9,2.443182724533155,158.3,2.0
1.78978589590718,2846.0,1887.8400000000001,0.21583364115154174,5.604381783077286,15.167318400274123,138,128.7,2.247788113388022,158.4,2.0
1.795439999636296,2853.0,1888.6799999999998,0.19013469268258074,2.9078247749738995,12.774433846243733,137,129.4,2.7238434465764567,158.5,2.0
1.800810399187519,2860.0,1889.3200000000002,0.17451630309168947,2.7619197692003925,12.626222762416377,139,130.0,2.6484971652639597,159.0,2.0
1.8057228766549427,2866.0,1889.92,0.1662159785937958,2.947486480454202,10.43425815652392,141,130.5,2.607420697607366,159.6,2.0
1.8094483783805202,2868.0,1890.36,0.16555443064877023,6.705903106039393,9.084073670082347,142,130.6,2.655477124601705,160.2,2.0
1.8120244882170398,2874.0,1890.64,0.16714129354618507,1.5456659019117835,8.123430191753133,142,130.4,2.5824492228950744,160.8,2.0
1.8137224127138134,2878.0,1890.9599999999998,0.15960771306714183,1.5281320470961826,6.667889902802706,139,130.3,2.4408297146486184,161.4,2.0
1.815534466233783,2881.0,1891.44,0.13502137202612177,2.1744642239633225,6.320971337492496,138,130.4,2.2869099038779126,162.1,2.0
1.8175306743683866,2884.0,1891.9599999999998,0.11760209519704397,2.3954497615244987,5.787747033080597,136,130.3,2.315013073874363,162.8,2.0
1.8194195677687295,2887.0,1892.4,0.10106555679998848,2.266672080411385,5.192545979707308,135,130.4,2.485681565744229,163.6,2.0
1.8218213665604932,2891.0,1892.72,0.09975568702243563,2.1616189125873837,4.081909774447032,132,130.5,2.520171327673669,164.5,2.0
1.8239657174246513,2894.0,1892.6799999999998,0.11013886122962235,2.573221036989743,4.697223763843078,130,130.8,1.9863981492468352,165.4,2.0
1.8260680179231092,2901.0,1892.6799999999998,0.13056717059070005,1.0811831134926921,4.703822860675852,129,131.2,2.160603283208492,165.8,2.0
1.8279792391596883,2909.0,1892.6799999999998,0.14210309321920303,0.8600495564606165,5.4566601982842755,129,131.3,2.135421296225109,165.9,2.0
1.830311646413392,2915.0,1892.92,0.153298340893611,1.3994443522222273,5.850761129073623,126,131.1,1.9082684114429205,166.0,2.0
1.8324560368040044,2917.0,1893.3199999999997,0.16298582586235932,3.859902703102558,5.855327049742605,125,130.6,1.8126719864489305,166.4,2.0
1.8348785450055773,2923.0,1893.9599999999998,0.17448564870137429,1.453504920943719,6.683581050766376,124,130.0,1.760008081368802,166.6,2.0
1.8370753509326894,2925.0,1894.56,0.20395429544743018,3.9542506688014587,7.664413049164109,124,129.2,1.721522405305901,166.6,2.0
1.839270114588736,2928.0,1895.2399999999998,0.22413179517852036,2.6337163872558844,8.957947632057184,122,128.5,2.180214270766795,166.5,2.0
1.840988153966931,2933.0,1895.8799999999999,0.23886820640693052,1.236988352300408,9.47960487092169,122,127.7,1.9613191838878703,166.3,2.0
1.8428620678852352,2935.0,1896.48,0.2434773306726222,3.37304505294754,10.388777764904919,125,126.8,1.9201001821089865,165.9,2.0
1.8451201548157343,2937.0,1897.1200000000001,0.24467263484862412,4.064556474898436,12.367110177551252,126,125.8,2.38196115672819,165.4,2.0
1.8474630393516644,2939.0,1897.6,0.23957911158810838,4.2171921646742945,12.672161035851433,126,125.1,2.18895354644794,164.9,2.0
1.849705740594359,2943.0,1897.9599999999998,0.23700109015081322,2.018431118425093,12.477543427902491,126,124.9,2.1755251012375934,164.4,2.0
1.8526681865213965,2946.0,1898.36,0.2328757418873872,3.5549351124448094,12.175338939884444,129,125.1,2.1428546006602973,163.8,2.0
1.855719551638811,2947.0,1898.8800000000003,0.2261514474698568,10.984914422692249,12.637233686113913,130,125.6,2.2196736902741554,162.7,2.0
1.8586674190681152,2952.0,1899.56,0.21782933882011468,2.122464549099049,12.267112145091108,130,126.1,2.0309336958170063,161.8,2.0
1.8615046366264723,2955.0,1900.28,0.19960363111982984,3.404661070028416,13.707053311423786,130,126.8,2.0360270229816,161.0,2.0
1.8648309072831721,2961.0,1901.0800000000004,0.19193175476646615,1.995762394019993,13.40324823560449,131,127.7,1.566945622974762,160.2,2.0
1.8673295460578885,2964.0,1901.7599999999998,0.19164344273887096,2.998366529659714,13.07142314736267,132,128.8,1.5604301293669731,159.4,2.0
1.8697143694676834,2967.0,1902.3200000000002,0.19427674745352336,2.8617880917539007,12.729572941445905,136,129.9,1.5901488185218744,158.7,2.0
1.873043558528199,2968.0,1902.6,0.19595868498680727,11.985080617856333,10.413176195605923,138,131.2,1.1563430522179536,158.1,2.0
1.8763880275553337,2971.0,1902.9599999999998,0.19495043040691978,4.0133628325615245,10.69325665939728,141,132.3,1.630345274389279,157.6,2.0
1.8796184418437898,2980.0,1903.36,0.19551134224639982,1.292165715382445,10.234233813868668,140,133.3,1.6819398960546357,157.1,2.0
1.8829128296056472,2984.0,1903.8399999999997,0.1982628929338866,2.964948985671759,11.084032185810354,138,134.2,1.9976457777884813,156.8,2.0
1.885875125099215,2989.0,1904.4,0.21081080847255032,2.1328527553687397,11.474975669580369,138,135.1,2.234833416881444,156.6,2.0
1.8874544686318409,2991.0,1905.0399999999997,0.22789035689495368,2.8428183587265443,11.693230648757822,137,136.0,2.2115640889648938,156.5,2.0
1.8891899393393388,2995.0,1905.72,0.2593154664289801,1.5619236367481109,9.567054801324886,137,136.7,2.758692553163524,156.4,2.0
1.891085850262783,2997.0,1906.48,0.28558933454765434,3.4126396621994206,9.826089566690106,137,137.0,3.0228687555070968,156.7,2.0
1.893470003175102,3000.0,1907.3200000000002,0.306064542353157,2.8609834947827313,10.329492591465224,137,137.4,3.019229436234655,157.1,2.0
1.8960350732779159,3004.0,1908.1200000000001,0.3202783736185497,2.3085630925324554,10.56997068695665,136,137.9,3.113615904238768,157.7,2.0
1.8988541887778696,3010.0,1908.9599999999998,0.3293321117828353,1.6914692999722303,11.901007241132024,138,137.8,3.4597049233080965,158.3,2.0
1.901380383930944,3013.0,1909.72,0.332525294764786,3.031434183689305,11.074033065435021,139,137.4,3.172108475700088,158.9,2.0
1.9034274704690084,3017.0,1910.3600000000001,0.3298709995042374,1.8423778842579055,10.920147339614923,138,136.7,3.4808701708711114,159.4,2.0
1.905387754878925,3020.0,1910.92,0.33415289656775654,2.3523412918999154,10.016464896629653,139,135.9,3.2568850417532795,159.7,2.0
1.9065087280547368,3021.0,1911.4,0.3388062396593985,4.035503432922161,10.59377767335192,139,135.1,2.9853843062270102,160.1,2.0
1.9070524563999571,3027.0,1911.8,0.3501880916836896,0.3262370071322187,10.193274253010255,138,134.7,3.0378255319661065,160.5,2.0
1.9075158097926819,3029.0,1912.1200000000001,0.3680912178308162,0.8340361069047195,10.585718538200119,134,135.3,2.8230245524788264,160.9,2.0
1.908318685882081,3032.0,1912.56,0.3839671946513646,0.9634513072791432,11.798648016184972,131,137.1,2.7751869528143365,161.3,2.0
1.9092198587764249,3033.0,1913.0400000000002,0.38640404854027643,3.2442224196374445,11.616703744536576,131,138.9,2.8301997138724206,161.8,2.0
1.9105759581802142,3037.0,1913.56,0.3821121828264409,1.220489463410343,12.55672840710196,131,140.6,2.78797473824828,162.1,2.0
1.9123611776509128,3040.0,1914.2,0.38035394533056543,2.142263364838431,12.500790038770697,131,142.7,2.47877500897943,162.5,2.0
1.9140637177181983,3041.0,1914.8399999999997,0.38014398052121556,6.129144242227527,12.70147281528914,131,145.1,2.4449943200681434,163.0,2.0
1.9154472800614206,3045.0,1915.3200000000002,0.385998232398577,1.2452061089001543,13.654937842412917,134,147.9,2.079535593020326,163.5,2.0
1.9164569836124785,3046.0,1915.72,0.38641809679287853,3.634932783808257,13.800360487627637,135,150.8,2.2795365302858377,164.0,2.0
1.9174277295553541,3047.0,1916.1599999999999,0.37789353809016707,3.4946853943519,13.523697678994505,135,153.7,2.196108360742975,164.4,2.0
1.9187621721833488,3054.0,1916.6,0.36232795299326553,0.686284780111562,13.501445420480469,136,156.2,2.3376811305729044,164.4,2.0
1.920363720200417,3056.0,1917.0800000000004,0.32947362623044063,2.882786430722573,13.761702684005172,136,157.7,2.009795342661917,164.4,2.0
1.9225009520779006,3061.0,1917.6800000000003,0.3054525317633728,1.5388069517883247,12.342566161856093,136,158.2,1.8090112513785184,163.8,2.0
1.9245411360043103,3063.0,1918.2400000000002,0.2925973115988451,3.672331067537451,13.169618334762054,137,158.3,1.7177381511857006,162.8,2.0
1.9266939551717055,3068.0,1918.8400000000001,0.29224600123088007,1.5500298005245565,11.510633862548996,137,158.4,1.5982843325130227,161.5,2.0
1.9286072016668065,3070.0,1919.36,0.2874618296201049,3.443843691181708,11.635029221107072,136,158.5,1.8739462948999848,159.8,2.0
1.9311523507011275,3073.0,1920.0,0.28240994806179465,3.054178841185215,11.753775565806889,133,159.0,1.76325932414415,157.7,2.0
1.933276270539799,3075.0,1920.52,0.2691335998376934,3.823055709608726,11.075750649827077,133,159.6,1.8883357265891825,155.4,2.0
1.9355582736769867,3082.0,1921.1200000000001,0.2524897857815284,1.173601613410869,11.235909660510915,131,160.2,1.720565484347541,152.9,2.0
1.937614777054222,3083.0,1921.64,0.235545357129144,7.403412158047322,9.996436660730495,130,160.8,1.7304270919003646,150.1,1.0
1.9396537367746902,3088.0,1922.1200000000001,0.21439919318092837,1.4680509987370909,9.925880949695387,129,161.4,1.5635667306752554,147.3,1.0
1.941583930676114,3091.0,1922.48,0.20129820839518264,2.31623268170854,9.50695330621481,129,162.1,1.7513547877785676,144.1,1.0
1.944042673827498,3094.0,1922.8799999999999,0.18118711118181963,2.9504917816608636,9.617069810736368,127,162.8,1.825536036062116,140.7,4.0
1.9462674951338645,3100.0,1923.2,0.1666797925973707,1.334892783819902,8.595206227427251,126,163.6,1.8771247905078048,137.3,4.0
1.9482700960096915,3103.0,1923.4399999999998,0.14883430982525084,2.4031210509924232,9.315005167613108,127,164.5,1.954111505747817,134.4,3.0
1.9507347093676557,3105.0,1923.7599999999998,0.13796478016853325,4.436304044335631,7.765210594741999,131,165.4,2.2286198426377166,131.7,3.0
1.9528123223075233,3106.0,1924.0399999999997,0.12757038858878095,7.479406583523752,7.7169682483612005,136,165.8,2.2578849779962376,129.3,3.0
1.955398497995511,3110.0,1924.3200000000002,0.12673055257857535,2.327558119188942,7.820574742477577,139,165.9,3.207362239841239,127.2,0.0
1.9589379477927356,3112.0,1924.6,0.12265978200624066,6.371009635003992,8.346733725180743,138,166.0,3.192634298672533,125.5,0.0
1.9628950193353207,3118.0,1924.9600000000003,0.13176404078240914,2.374242925551073,8.37371129568977,138,166.4,3.452090184188046,124.0,0.0
1.966261418932195,3125.0,1925.28,0.15100682539499485,1.7312912212495917,8.803209276756318,137,166.6,3.6143651060089423,122.8,0.0
1.9695905902501978,3129.0,1925.6799999999998,0.17131629570754608,2.996254186202502,8.26199441264551,137,166.6,3.514560919790881,122.1,0.0
1.9720218459287246,3131.0,1926.0399999999997,0.2013673356854861,4.376260221348174,7.755634861469612,137,166.5,4.612488284981294,122.0,0.0
1.9738230190574293,3137.0,1926.6,0.2374676911904871,1.080703877222794,9.310372360211337,137,166.3,4.636465206864528,122.4,0.0
1.9752688376380438,3139.0,1927.2400000000002,0.2638527359677182,2.6024734451061478,8.90694553727776,137,165.9,4.720756940755644,122.7,0.0
1.9766590642373973,3143.0,1927.8799999999999,0.277260550435607,1.2512039394182175,9.208164244272195,137,165.4,4.144058712331912,123.4,0.0
1.9778184447800786,3145.0,1928.6,0.2869298178024909,2.086884976826446,9.993365239548272,136,164.9,4.342256966570053,124.3,0.0
1.97915817066575,3146.0,1929.3600000000001,0.28861478705364313,4.823013188416478,10.564004211082809,136,164.4,3.3418611391494992,125.2,0.0
1.9806268992362654,3149.0,1929.9600000000003,0.2907121869689612,1.7624742846186818,10.670921657694617,135,163.8,3.573122391400446,126.3,0.0
1.9823080323989801,3152.0,1930.44,0.2819803391915559,2.017359795257692,11.019572918510734,133,162.7,3.3987923328227074,127.7,0.0
1.9840066346271763,3154.0,1930.8799999999999,0.2662213166592925,3.0574840107530457,10.895457092940358,127,161.8,3.4053732169863933,129.1,3.0
1.9860772137144604,3156.0,1931.28,0.24864235306387492,3.7270423571113294,10.935392228632137,123,161.0,3.481896501368533,130.5,3.0
1.9885087644925112,3158.0,1931.72,0.2205315731104122,4.376791400491607,11.356560512448759,122,160.2,2.384812990549592,131.8,3.0
1.991955148614756,3163.0,1932.1600000000003,0.18687103466351315,2.4813965680161454,10.043627414266405,122,159.4,2.3743282988533942,133.1,3.0
1.9957133462174987,3167.0,1932.6,0.16316445993737705,3.382377842468519,9.984044591440375,123,158.7,2.7463421973124453,134.2,3.0
2.000031091963705,3174.0,1933.1200000000001,0.14897632611563,2.220554955191683,10.011893520703385,124,158.1,2.753095276500042,135.0,3.0
2.004495015350635,3177.0,1933.5600000000002,0.14347701117935724,5.356708064315949,9.507280229185904,125,157.6,2.581752349015456,135.6,3.0
2.0088127610836133,3182.0,1934.0,0.14457908547354453,3.108776927744394,9.390602190472048,127,157.1,2.528225990048149,136.5,4.0
2.012629019330416,3187.0,1934.44,0.15280538700968388,2.747705937698005,8.35271026378099,128,156.8,2.2389105063176205,137.3,4.0
2.016099251368064,3191.0,1934.8400000000001,0.17322431579841693,3.12320883388322,9.474979274859942,129,156.6,2.464010130205552,138.0,4.0
2.0193096157927894,3196.0,1935.3200000000002,0.19773308912000892,2.3114623858024577,9.404432327526242,130,156.5,2.183171914385659,139.0,4.0
2.0214542710628702,3198.0,1935.8,0.2152699350544618,3.86037948614561,9.120704069560192,130,156.4,2.1737365959080126,139.9,4.0
2.023192902798269,3203.0,1936.3600000000001,0.238064298565375,1.2518148494871308,8.219517488355224,130,156.7,2.169991539711192,140.5,4.0
2.024517270418786,3204.0,1937.0400000000002,0.2585254757690555,4.767723433861935,7.6120133183576755,130,157.1,2.208564842560466,140.5,4.0
2.02567148593386,3206.0,1937.6799999999998,0.2689505581026891,2.077587927132801,9.01018544290046,130,157.7,1.7889372768015477,140.5,4.0
2.0263807575594712,3210.0,1938.1599999999999,0.2900206518295739,0.6383444630502814,8.826372663024078,130,158.3,2.0098307991089674,140.5,4.0
2.0271485759561374,3213.0,1938.6,0.3027136833305766,0.9213820759994683,8.653818480862316,131,158.9,2.187701159933866,140.5,4.0
2.028100023401929,3223.0,1939.0,0.3156106736691663,0.34252108048492974,8.005121542443446,138,159.4,2.299574881740852,140.2,4.0
2.02935760686209,3224.0,1939.28,0.312331542730632,4.527300456578592,8.000586238680317,141,159.7,2.3676398792934044,139.4,4.0
2.0306776357512306,3227.0,1939.7199999999998,0.2943923751413825,1.5840346669689722,6.752023720780196,143,160.1,2.2982390467124887,138.5,4.0
2.031789088417498,3230.0,1940.1599999999999,0.27413898490991007,1.3337431995210924,9.213866599355132,141,160.5,2.7879330333077137,137.3,4.0
2.033612837096133,3234.0,1940.72,0.2589905778442819,1.6413738107715778,9.629574770995827,141,160.9,2.6883773707208625,136.1,4.0
2.03530834751816,3239.0,1941.1599999999999,0.24230538088902934,1.2207675038596464,9.719834462359033,144,161.3,2.849277826702237,135.1,3.0
2.037708970662971,3244.0,1941.56,0.23174877611239025,1.7284486642637944,12.94795618822161,145,161.8,2.7430258858899226,134.5,3.0
2.040994280709575,3245.0,1942.0,0.23088818242391018,11.827116167774681,11.482968807718517,145,162.1,3.111212086701374,134.0,3.0
2.0443793522053544,3251.0,1942.44,0.2202980671254048,2.0310428974676418,11.46919661687716,147,162.5,2.942177623616246,133.5,3.0
2.0476699639502427,3259.0,1942.92,0.22089177053240872,1.4807752851998262,12.306661347938372,145,163.0,2.786639847062536,133.0,3.0
2.0511983634894064,3260.0,1943.52,0.2178268548227999,12.70223834098982,12.542232976137427,145,163.5,2.722214977892377,132.8,3.0
2.05379597949442,3265.0,1944.1599999999999,0.22098612888576746,1.8702835236097237,12.813832298580412,144,164.0,2.5436507271127047,133.3,3.0
2.0554286460441915,3268.0,1944.8400000000001,0.2260614726725531,1.9591998597260598,12.87400903042799,144,164.4,2.237031844927944,134.1,3.0
2.0576334684412707,3270.0,1945.72,0.2268923666503301,3.9686803147422824,10.21260415821901,144,164.4,1.7317893630971888,134.9,3.0
2.060468073316525,3274.0,1946.56,0.22284828709112534,2.5511443877290514,12.410489771389454,145,164.4,1.7141157435489902,135.8,4.0
2.064071871785543,3280.0,1947.28,0.215037398344914,2.1622790814107296,14.083721482043055,145,163.8,1.4249041277888312,136.8,4.0
2.0675804483655407,3286.0,1947.92,0.2043722490660656,2.105145947998562,11.262197015995246,143,162.8,1.3950599946834434,137.8,4.0
2.0710190939100217,3292.0,1948.48,0.19663538477628412,2.0631873266886784,11.827304059261277,147,161.5,0.8531565193938017,138.9,4.0
2.0743273447372665,3293.0,1948.92,0.19178746685279408,11.909702978081624,11.607956573058924,152,159.8,0.7348391041700894,140.0,4.0
2.076937877226869,3294.0,1949.28,0.17976851321791593,9.397916962568182,10.706515564206708,153,157.7,0.5611364355710065,141.1,4.0
2.0797792269596753,3299.0,1949.6799999999998,0.169624657131053,2.045771807620525,11.244472558903317,154,155.4,0.440424958268612,142.0,4.0
2.0835272836555356,3302.0,1950.1599999999999,0.1617610061448062,4.497668035032217,12.49489868125704,154,152.9,0.4383097168252119,142.4,1.0
2.0874683226730464,3310.0,1950.72,0.15626049119828386,1.7734675578798138,12.435661009778205,154,150.1,0.4582563535172915,142.5,1.0
2.091085076531019,3317.0,1951.2400000000002,0.15604099540979588,1.8600448412430466,13.867860222073086,152,147.3,0.4769753189581026,142.3,1.0
2.0947238509323833,3319.0,1951.7599999999998,0.16189074142014984,6.549793922455676,12.311171766005053,145,144.1,0.3865602847504686,142.0,4.0
2.0971444405938615,3320.0,1952.2400000000002,0.1736017747116943,8.714122781321063,10.658115398133594,142,140.7,0.3661272153109904,141.7,4.0
2.0988369503505746,3323.0,1952.72,0.19048392345932644,2.0310117080558996,11.55954636653451,139,137.3,0.2925136582221665,141.4,4.0
2.1010940419188056,3324.0,1953.2400000000002,0.20542293423980715,8.12552964563112,11.235126486930941,139,134.4,0.3154639246790058,141.1,4.0
2.1033698872123483,3326.0,1953.7600000000002,0.20825901141232314,4.096521528376657,11.620479840746308,139,131.7,0.3031492523379174,140.8,4.0
2.105617421005455,3331.0,1954.36,0.20792424136903306,1.618224331036877,11.698341154432404,137,129.3,0.3111817038514082,140.6,4.0
2.108194892801394,3333.0,1955.1599999999999,0.20118949512498596,4.639449232690148,13.564426203362924,137,127.2,0.6311319364790646,140.4,4.0
2.1114604390704708,3337.0,1956.08,0.18747590289864274,2.938991642169197,12.077196424592534,137,125.5,0.8743256981906977,140.3,4.0
2.1140223477493563,3340.0,1956.8,0.16850030684387557,3.074290414662386,11.82401630494749,137,124.0,0.9600067367200508,140.3,4.0
2.1177839625090806,3346.0,1957.44,0.14654388717070535,2.256968855834555,10.04461626331288,139,122.8,0.9291019793582798,140.5,4.0
2.1227360253453456,3347.0,1957.8799999999999,0.12341402485487149,17.827426210553188,9.181787898137394,139,122.1,1.0546527336330462,140.5,4.0
2.128381125469378,3355.0,1958.0,0.09568894728725519,2.540295055814609,8.89454742960541,141,122.0,1.0566755799322438,140.3,4.0
2.1335318171530435,3363.0,1957.92,0.06257673638023863,2.3178112576495087,7.77972661824096,142,122.4,1.1377986660875063,140.3,4.0
2.138840200150783,3371.0,1957.8,0.027591301368039285,2.3887723489829127,6.94026043281939,139,122.7,1.1975911708557925,140.5,4.0
2.1427610351856954,3374.0,1957.6799999999998,7.47768767914353e-05,4.7050020418947405,6.147445978192046,136,123.4,1.3366193494714314,140.6,4.0
2.145312093782976,3377.0,1957.5199999999998,-0.030610746494237385,3.0612703167369184,5.626148673477207,133,124.3,1.7483731920050016,140.6,4.0
2.1465917193162785,3378.0,1957.4,-0.03244677760703957,4.6066519198885505,2.7774869395698976,133,125.2,2.33599286682282,140.4,4.0
2.1473826748510882,3384.0,1957.28,-0.01983815257709486,0.47457332088592963,2.4046609437886954,131,126.3,2.2572921169650355,140.3,4.0
2.1478523835856924,3387.0,1957.1599999999999,-0.001666400102986218,0.5636504815252328,2.164362266599425,130,127.7,2.3863583177755654,140.2,4.0
2.148247214484206,3391.0,1956.9599999999998,0.021233528605999037,0.35534780866232524,3.04151408372389,136,129.1,2.697566999671716,140.4,4.0
2.1490911173884144,3392.0,1957.08,0.04863310199451024,3.03805045515091,2.854739021189854,143,130.5,2.744286314630091,140.9,4.0
2.1500696267983423,3397.0,1957.28,0.06644728998142027,0.7045267751482593,2.8830552537322776,143,131.8,3.606731681625258,141.8,4.0
2.1512723397245743,3403.0,1957.52,0.07524196805227712,0.7216277557390828,3.3669150710753826,143,133.1,3.6148382184200174,142.5,1.0
2.1534066776071397,3404.0,1957.8799999999999,0.08208899707252874,7.683616377235083,3.8080423708112554,143,134.2,3.802615892829021,143.4,1.0
2.155617271924392,3409.0,1958.4,0.08383171428073002,1.591627908421616,3.9485341166859698,143,135.0,3.908888608470076,144.8,1.0
2.158106606912331,3415.0,1958.72,0.08426177706358688,1.4936009927634835,4.047329679453187,143,135.6,3.676067697705584,146.5,1.0
2.1615094415943368,3417.0,1958.8400000000001,0.05989954283967197,6.125102427610042,3.8651804170270245,143,136.5,2.923423261023741,148.3,1.0
2.1657881667985444,3421.0,1958.8799999999999,0.02973323579688535,3.8508526837869974,3.858652616971336,144,137.3,2.881278866751201,149.9,1.0
2.1696530977169384,3428.0,1958.72,-0.0017045245585270903,1.9876787580311497,3.937371915593758,144,138.0,2.755848842940662,151.4,1.0
2.173720949978464,3436.0,1958.28,-0.03253839787151586,1.8305335176865472,2.8862187531389383,142,139.0,2.64532092065749,152.7,2.0
2.177383140247062,3439.0,1957.7599999999998,-0.06800504481992614,4.39462832231696,2.7036263177355915,141,139.9,2.7737475303560504,153.6,2.0
2.1805077083887903,3444.0,1957.2400000000002,-0.09285728993270208,2.2496890620446246,2.4982093963346315,138,140.5,1.968233129445824,154.0,2.0
2.183135596434881,3446.0,1956.6799999999998,-0.10983538436320628,4.730198482963353,1.7530760823539264,138,140.5,2.068124780946486,154.0,2.0
2.1864891538451836,3450.0,1956.28,-0.12315230998026898,3.0182016692723383,1.8558725782164758,139,140.5,1.8736201791654945,153.5,2.0
2.1902187883891533,3455.0,1955.8799999999999,-0.14137043045377112,2.6853368716582886,1.7291241973984988,138,140.5,2.125810170769613,153.0,2.0
2.1938832896915157,3463.0,1955.48,-0.14858042815382966,1.649025586062983,1.9796057224950865,136,140.5,2.091226253848744,152.1,1.0
2.1979926828120964,3469.0,1955.08,-0.16095222370388243,2.465635872348488,1.830995265858934,134,140.2,2.5845880584952097,150.9,1.0
2.201266477665708,3470.0,1954.72,-0.1730159346994439,11.78566147300083,1.867303528453283,133,139.4,2.548580444970716,149.5,1.0
2.2040936449797672,3476.0,1954.0400000000002,-0.18837501332972803,1.6963003884355317,1.7726591898978357,132,138.5,2.606252906619392,147.9,1.0
2.20626697613957,3477.0,1953.48,-0.19963486271381362,7.823992175290325,1.8829122419595532,132,137.3,3.130197918014169,146.2,1.0
2.2087886560270444,3481.0,1952.8,-0.20668362317302988,2.2695118987269893,1.8748772376999194,130,136.1,3.092197798520013,145.0,1.0
2.2105007541274744,3483.0,1952.2,-0.21034612871859065,3.0817765807741204,2.010802768255089,129,135.1,3.241191760180741,144.4,1.0
2.2123960240994895,3486.0,1951.5600000000002,-0.21175376847886498,2.2743239664181667,2.357363025322303,127,134.5,3.6446604330440486,144.5,1.0
2.2137927877962933,3487.0,1951.08,-0.2086841059034898,5.028349308493592,1.9070586870238593,124,134.0,3.776529008930022,144.5,1.0
2.21503627165791,3489.0,1950.64,-0.19242709801330304,2.238270950909832,2.0584728392661615,121,133.5,3.478766494432236,144.0,1.0
2.216441107641018,3490.0,1950.2,-0.1772961389882736,5.057409539188671,1.8296273438285244,120,133.0,4.069135512684186,143.9,1.0
2.2188337555430917,3491.0,1949.7599999999998,-0.14989610036887152,8.613532447466183,1.9170249006831646,120,132.8,3.581233368718226,144.0,1.0
2.2225672980899525,3495.0,1949.44,-0.12258996396691742,3.360188292174837,2.0108224558375953,119,133.3,3.6277725085896138,144.6,1.0
2.2276697326528025,3499.0,1949.1599999999999,-0.09056710882673305,4.592191106565241,2.1672834787837187,117,134.1,3.760145402358519,145.5,1.0
2.2338483541730985,3507.0,1948.9199999999996,-0.06554690640395791,2.7803796841331994,2.256716765019226,117,134.9,3.688831770785092,146.4,1.0
2.2398966904318716,3515.0,1948.92,-0.04388451149640519,2.7217513164478824,2.494850526362648,118,135.8,3.5812491619540205,147.1,1.0
2.246322506000403,3523.0,1948.9600000000003,-0.024918089641055612,2.891617005839159,2.7314292484756937,118,136.8,3.561618403678122,147.1,1.0
2.252495870330492,3531.0,1949.0400000000002,-0.0070341698204026,2.7780139485399356,2.616213413236721,116,137.8,3.114694528591209,146.4,1.0
2.2584096569945236,3538.0,1949.2,0.0064808569903766124,3.041375998644834,2.819112522335865,115,138.9,3.1572545541586963,145.8,1.0
2.2649107237715884,3546.0,1949.4,0.016299920746110103,2.925480049679271,5.431565860091017,114,140.0,3.3795076028107696,145.2,1.0
2.2729527238877734,3554.0,1949.6,0.02403986200646926,3.618900052283158,5.547632228254649,114,141.1,2.954202847336613,144.2,1.0
2.2797043677406554,3563.0,1949.8400000000001,0.024039862006460144,2.7006575411527516,5.5365123796597775,116,142.0,2.9262827562967613,143.2,1.0
2.2869313638166404,3572.0,1950.1200000000001,0.02010323017984545,2.890798430394075,5.7269776690707115,117,142.4,3.156984885585958,141.9,4.0
2.294349354198005,3573.0,1950.28,0.010969596483603811,26.704765372912718,5.692935333721513,118,142.5,3.0230910401194677,140.7,4.0
2.3002135155430437,3581.0,1950.4,0.006829813925182211,2.6388726052673115,5.398499007855348,117,142.3,2.514316575457154,139.7,4.0
2.304073580871691,3589.0,1950.4,0.0038303967814531568,1.737029397891302,5.140660844407245,120,142.0,3.074213233740197,138.9,4.0
2.3074324320115105,3592.0,1950.28,0.0074303083438577375,4.030621367783483,4.836836184016246,124,141.7,3.040530783751354,138.6,4.0
2.308903547298654,3595.0,1950.0400000000002,0.03469165660963872,1.7653383445722046,4.656352963848385,125,141.4,3.165112088169621,138.5,4.0
2.3092396707337217,3603.0,1950.0,0.0739490521648179,0.15125554578062442,4.576761903011433,125,141.1,3.096239274110256,138.1,4.0
2.3096932179686926,3607.0,1950.0,0.08574581037405672,0.40819251147378693,1.7592197623633943,121,140.8,2.809101304467404,137.6,4.0
2.3101180875282186,3609.0,1950.08,0.07638976787020203,0.7647652071467548,1.504547169426996,117,140.6,3.138847421412872,137.1,4.0
2.3103973752282965,3610.0,1950.36,0.04879300794398162,1.0054357202804547,1.3434580220749388,114,140.4,3.159830177837189,136.4,4.0
2.311116280210568,3611.0,1950.6399999999999,-0.0006927928218707802,2.588057936177013,0.9285906745314156,111,140.3,2.9083984081893623,135.8,4.0
2.311568621368006,3618.0,1950.72,-0.04797238248240514,0.23263259525389338,0.7122473981814299,108,140.3,2.906670199675468,135.2,3.0
2.3123099100036257,3623.0,1950.6799999999998,-0.1030796689470741,0.5337278176464112,0.6949609855391257,109,140.5,3.2857482123446333,134.4,3.0
2.313105544039789,3629.0,1950.52,-0.1486964361262802,0.47738042169798717,0.7441266200999606,109,140.5,2.7697145628278497,133.5,3.0
2.313819394929394,3637.0,1950.2,-0.14134548595744204,0.3212329003222773,0.7463750393910515,109,140.3,2.7089167916907777,132.6,3.0
2.314370548240676,3644.0,1949.8400000000001,-0.10502105957712651,0.28345027437332826,0.7166863674722964,109,140.3,2.5395579260590964,132.0,3.0
2.314957850857888,3659.0,1949.48,-0.06693316796384988,0.1409526281309027,0.5362955730487498,107,140.5,2.444975261282903,131.8,3.0
2.315491000042661,3661.0,1949.2,0.03297486694370431,0.9596685325917653,0.5857088151863692,108,140.6,2.6487796178626684,131.9,3.0
2.3161885104840945,3666.0,1949.28,0.15884513290561766,0.5022075178320079,0.9381465756755961,109,140.6,2.19061280684588,132.2,3.0
2.3169310738385316,3674.0,1949.64,0.22029762074297388,0.3341535094967099,1.0066799050303183,107,140.4,2.261534653922753,133.0,3.0
2.3174586397310173,3682.0,1950.0400000000002,0.2073491187266369,0.23740465161863208,1.0748573280394507,107,140.3,2.198894758691716,133.9,3.0
2.3177067152601043,3686.0,1950.56,0.18122674852433143,0.2232679761784826,1.0986631326086642,108,140.2,2.1828095700488235,135.5,3.0
2.318038725996446,3687.0,1951.0400000000002,0.19961398419647397,1.1952386508311552,1.11845976138969,109,140.4,1.680633250372536,137.7,4.0
2.3184527056447783,3693.0,1951.1599999999999,0.2257371525518304,0.24838778899933975,1.0299530772247782,112,140.9,1.5475633593298816,140.1,4.0
2.318701778659009,3697.0,1950.9599999999998,0.2337356373465478,0.2241657128077889,0.9272292089350069,113,141.8,1.570388091113799,142.8,1.0
2.3189103959767103,3706.0,1950.7600000000002,0.2901814226031188,0.08344692708037779,0.8684955713561052,114,142.5,1.911611013346748,145.7,1.0
2.3189957046141667,3712.0,1950.6799999999998,0.36577423782239926,0.051185182473804026,0.8361749290758385,113,143.4,1.8879929667158148,148.5,1.0
2.3190354519686287,3714.0,1950.64,0.32274128622881154,0.07154523803120566,1.2729113642278294,112,144.8,1.757709397602616,151.3,1.0
2.319234360477313,3723.0,1950.6799999999998,0.24793802049538508,0.07956340347381861,1.163207042336285,112,146.5,1.6822117424943612,154.1,2.0
2.319393481175249,3727.0,1950.8799999999999,0.25438903327916484,0.14320862814211455,1.3717890933296182,109,148.3,1.4565604520005866,156.7,2.0
2.319543386010509,3733.0,1951.1200000000001,0.3343244700528227,0.08994290115603405,1.7008190731614388,110,149.9,1.4148734364707622,159.2,2.0
2.3197586708975004,3734.0,1951.28,0.42308794980441206,0.7750255931699501,1.8498321307966106,114,151.4,1.2601197678594716,160.9,2.0
2.3198599728153706,3735.0,1951.44,0.46146192403205255,0.36468690433248596,1.9964873913663232,117,152.7,1.2343132100911085,162.1,2.0
2.3200685901279825,3737.0,1951.6799999999998,0.48361017348226054,0.37551116270172646,2.4222780205150887,120,153.6,1.172763260426757,163.0,2.0
2.320225394616609,3738.0,1951.8,0.45926196579148054,0.5644961590547573,3.229428805793495,120,154.0,1.1833842227679292,163.5,2.0
2.32114789738557,3747.0,1951.8799999999999,0.3376759926223313,0.3690011075845288,3.3208247792159638,120,154.0,0.8801340497142975,163.6,2.0
2.3226261466998577,3756.0,1951.8799999999999,0.18413950700668966,0.5912997257150135,3.4426455272900514,118,153.5,0.8681979954033802,163.7,2.0
2.3249897910161925,3760.0,1951.92,0.11810701998873581,2.1272798847014154,3.5061400010442383,114,153.0,0.6330911162371013,163.5,2.0
2.327642242977593,3762.0,1951.8799999999999,0.08091202980088244,4.774413530521068,3.3674939701548317,112,152.1,0.5106405827436195,163.2,2.0
2.3300005371758217,3770.0,1951.92,0.04386828963398399,1.0612323892028381,3.3636675382872783,113,150.9,0.633989399835644,162.6,2.0
2.33245023264832,3777.0,1952.0,0.037516442960925704,1.2598433858561737,3.2142169281820907,110,149.5,0.7519040140945235,162.0,2.0
2.334826567065465,3779.0,1952.1200000000001,0.037517886033969605,4.2774019508611065,3.284420856680525,108,147.9,0.9309231909835948,161.0,2.0
2.3366298315042333,3786.0,1952.28,0.043403756115060414,0.9273931399380462,3.3781064200985673,106,146.2,1.024390303799418,159.7,2.0
2.3383731266870424,3789.0,1952.36,0.044989546884083395,2.091954219371068,3.3404651551112168,105,145.0,1.3638864005572815,158.2,2.0
2.340308116307424,3793.0,1952.56,0.05536612915163845,1.741490658343394,4.299620919530353,106,144.4,1.4382492839380503,156.7,2.0
2.343062311994761,3799.0,1952.7600000000002,0.06072800119328131,1.6525174124020603,4.626934106374885,105,144.5,1.636964189831393,155.2,2.0
2.345892858660765,3805.0,1952.92,0.06411232047911909,1.698327999602377,5.528110681770313,104,144.5,1.7063247214952129,153.7,2.0
2.3495071024027596,3810.0,1953.0400000000002,0.06842921879791583,2.6022554942361205,5.243543790325331,101,144.0,2.4488368060651866,152.2,1.0
2.3528932551847337,3811.0,1953.28,0.07502828089757103,12.190150015105997,5.7986212744678145,100,143.9,2.571691637502461,150.7,1.0
2.35651310440965,3816.0,1953.52,0.0870061297635139,2.6062914419397676,6.4664327210480606,99,144.0,2.5227219093368105,149.3,1.0
2.3596339791115453,3818.0,1953.7600000000002,0.09461935081357178,5.617574463411419,6.669400950674882,100,144.6,2.515873272287325,147.9,1.0
2.363125507862246,3827.0,1954.08,0.1045805150554275,1.3966115002804311,7.665197308500718,100,145.5,2.891048448555356,146.9,1.0
2.3666623023074433,3831.0,1954.52,0.11652827516647264,3.1831150006773137,8.03290923874903,100,146.4,2.873727738453313,146.2,1.0
2.370173325322218,3834.0,1955.0,0.12794353026268315,4.2132276177293475,8.360906654526312,100,147.1,2.9040210300836766,145.7,1.0
2.3728820998897335,3839.0,1955.48,0.13626461961330957,1.950317688611322,7.805387801712446,101,147.1,2.767212253343222,145.0,1.0
2.3757395605076153,3841.0,1956.0,0.1413042616045201,5.143429112187179,8.36790016096855,101,146.4,2.5400398282365866,144.3,1.0
2.37854388560326,3845.0,1956.52,0.14864320397570718,2.52389258608033,8.010628754012448,102,145.8,2.708666516746957,143.6,1.0
2.381001410075024,3848.0,1956.9599999999998,0.1507325715674021,2.949029366116753,9.320507195774692,105,145.2,2.0835101881295968,142.8,1.0
2.383793822043114,3850.0,1957.4,0.14433453697625376,5.02634154256158,9.00152996535447,108,144.2,2.056883114340895,141.9,4.0
2.3862193157790195,3852.0,1957.72,0.13631846981409207,4.365888724629893,8.796775308404113,110,143.2,2.1248503458751165,141.2,4.0
2.3887923722372078,3855.0,1958.08,0.13006955886581792,3.0876677498259437,9.019962556625336,113,141.9,2.1032400321595626,140.4,4.0
2.391230293889245,3856.0,1958.3600000000001,0.11983198848245276,8.776517947335162,8.17422796430315,114,140.7,2.086213125722572,140.0,4.0
2.393635581874512,3861.0,1958.52,0.11261910954215593,1.7318073493920099,8.364117328796636,117,139.7,2.048051940273537,139.7,4.0
2.3955968562006573,3863.0,1958.6799999999998,0.1157806121341772,3.5302937870622064,7.854728993092029,118,138.9,1.6962644432726868,139.4,4.0
2.3973605966242917,3865.0,1958.8799999999999,0.11793222463353378,3.174732762541889,7.749217042842221,121,138.6,1.6852796180405456,139.3,4.0
2.3993043912923526,3869.0,1959.0400000000002,0.13152182837442966,1.749415201254867,7.247368194526475,124,138.5,1.5826589516501808,139.4,4.0
2.4011497642735793,3871.0,1959.28,0.14582998862249968,3.321671366208267,7.711142589883356,124,138.1,1.374666437248761,139.5,4.0
2.403147406295595,3879.0,1959.72,0.1621035034035618,0.8989389099070177,6.715567571527679,127,137.6,1.3931851664603132,140.0,4.0
2.405334440066638,3881.0,1960.1599999999999,0.17859134746035757,3.9366607878777864,6.863333450185424,126,137.1,1.4608187538834223,140.6,4.0
2.408236090206096,3887.0,1960.8,0.19358946338364308,1.740990083674745,8.199111208552246,125,136.4,1.4308835699449245,141.6,4.0
2.4113896437775066,3890.0,1961.52,0.19617316592995934,3.7842642856926108,8.509624184751855,125,135.8,1.3887009738102098,142.7,1.0
2.414613157515491,3896.0,1962.2,0.19409695806419064,1.9341082427907308,9.191349492305822,126,135.2,1.002709617199769,143.5,1.0
2.4174656703140225,3902.0,1962.7600000000002,0.1870638710538241,1.7115076791189052,8.55449011727352,129,134.4,1.025721922100146,144.3,1.0
2.4200463898484066,3903.0,1963.28,0.17194768386432382,9.290590323782064,9.502591707157034,130,133.5,1.0289660723403862,145.2,1.0
2.4221753940428643,3905.0,1963.56,0.15536798935753024,3.8322075500240196,9.213526206677553,133,132.6,1.1879223402196093,146.2,1.0
2.423455867759323,3906.0,1963.6799999999998,0.13500752602440796,4.6097053792523095,9.260693424247753,135,132.0,1.251325637370748,147.2,1.0
2.4249131666644175,3912.0,1963.7599999999998,0.11799347750321446,0.8743793430566906,8.540089395521493,138,131.8,1.349755622013307,148.3,1.0
2.426546694559929,3913.0,1963.8400000000001,0.10563617181892304,5.8807004238421845,8.379664398347455,137,131.9,1.278403583493105,149.6,1.0
2.4289263262863763,3915.0,1963.8799999999999,0.10143800536784413,4.2833371076043765,8.667474451930438,134,132.2,1.1866233116154252,151.0,1.0
2.431353119698875,3918.0,1964.0,0.10342495946022871,2.9121520949982136,7.01911280969896,131,133.0,1.184205763513129,152.0,1.0
2.4336882744785475,3922.0,1964.2400000000002,0.11769606922995476,2.101639301705436,6.96044296847146,130,133.9,1.287528844255044,153.0,2.0
2.4362288675670136,3927.0,1964.5600000000002,0.13651481475705882,1.8292270236956767,6.407615434017808,129,135.5,1.2031896050249211,154.1,2.0
2.438693061144786,3930.0,1964.9600000000003,0.16386124288261933,2.9570322933269746,7.604951321143021,128,137.7,1.4058883817234815,155.3,2.0
2.440679463909321,3935.0,1965.48,0.19498973566631655,1.4302099904651966,9.396296415652145,127,140.1,1.661044661324782,156.6,2.0
2.4421738988335835,3937.0,1966.0400000000002,0.2263195955698623,2.6899828636727077,9.288394835072225,127,142.8,1.7047070358329577,157.6,2.0
2.443711182390094,3941.0,1966.56,0.25506300868566645,1.3835552008596266,9.555949306766072,124,145.7,1.7642281827881152,158.4,2.0
2.4455663413248585,3943.0,1967.2400000000002,0.27664860429436977,3.3392860825757915,11.234726078321478,123,148.5,1.8727581052815885,159.4,2.0
2.4480255534428506,3944.0,1968.0,0.28797749894167324,8.853163624771671,11.585890928065012,123,151.3,2.0683755850449748,160.3,2.0
2.450349762933324,3949.0,1968.72,0.2955895107366914,1.6734308331409373,12.70107614970915,123,154.1,2.0572068886661308,161.1,2.0
2.453011011405554,3954.0,1969.48,0.2970603975895148,1.9160989000052568,13.004084488833637,124,156.7,2.248614248587381,161.9,2.0
2.455670493705544,3956.0,1970.2399999999998,0.2986430124633389,4.787068139982612,12.553024364121274,124,159.2,2.1531195519090485,162.5,2.0
2.458049447762745,3961.0,1970.8799999999999,0.3081128737608914,1.7128469211846518,15.096187915971498,126,160.9,2.2732758172796697,162.6,2.0
2.4603705248713554,3963.0,1971.52,0.30773981875422807,4.177938795498433,14.332500095342914,127,162.1,2.115033635172362,162.5,2.0
2.4626706385024377,3968.0,1972.1200000000001,0.30164364395375654,1.6560818143793703,11.920163247136756,129,163.0,1.8828851805672109,162.1,2.0
2.4648020429656508,3975.0,1972.7600000000002,0.2976990753604473,1.0961508667952695,13.828304690041573,130,163.5,1.7632300847074482,161.8,2.0
2.467303723719603,3976.0,1973.52,0.29276855575302585,9.006050714227877,13.637380650521965,130,163.6,1.6564981920219186,161.6,2.0
2.469288060925298,3981.0,1974.2,0.2917212067886875,1.4287227881001796,14.573944662828282,132,163.7,1.3847595932214,161.0,2.0
2.4713893669864153,3987.0,1974.8400000000001,0.30237073386289404,1.2607836366703966,14.319275837363312,134,163.5,1.1564676865163757,160.3,2.0
2.473435943907731,3988.0,1975.48,0.3090414985069606,7.367676916736667,12.97505089872578,135,163.2,1.3927085476155217,159.6,2.0
2.4757114121320085,3994.0,1976.1200000000001,0.32438642445693433,1.365280934566475,13.47089999285868,134,162.6,1.1345637594938702,158.9,2.0
2.4779210473101765,3995.0,1976.8,0.33294090395459114,7.95468664140409,14.276637944863348,135,162.0,1.121511573027426,158.3,2.0
2.480323232344353,4003.0,1977.56,0.33060703322519086,1.0809832653793277,11.818731066759543,133,161.0,0.9736339823433806,157.8,2.0
2.4822361781649738,4009.0,1978.2400000000002,0.33433242660500123,1.1477674923724113,12.40629633934222,132,159.7,0.8690802664204055,157.3,2.0
2.484271244357223,4012.0,1979.08,0.3416940790820185,2.442079430698968,12.830515547531823,129,158.2,0.8059547407944357,156.9,2.0
2.485699949911384,4014.0,1979.8400000000001,0.338150660878454,2.571669997489817,11.210119136011961,127,156.7,0.7768602879614281,156.6,2.0
2.4874219210017148,4019.0,1980.48,0.3362536740477216,1.2398191850380225,12.02414317577291,126,155.2,0.7484777534113096,156.4,2.0
2.489495929163771,4022.0,1981.1599999999999,0.3271530007445373,2.4888097944673295,9.407157795485572,126,153.7,0.8675338434061557,156.2,2.0
2.491864354996251,4026.0,1981.8399999999997,0.3128820371399139,2.1315832492320927,9.174282273072542,126,152.2,1.1321580431922065,156.1,2.0
2.494386035318136,4030.0,1982.3200000000002,0.30338373430638604,2.2695122896963893,9.81811412575384,125,150.7,0.9175571416352202,156.3,2.0
2.4962599855410788,4032.0,1982.8400000000001,0.2922194762982008,3.3731104012968167,9.040045502798213,125,149.3,0.98472528116031,156.5,2.0
2.497753966203159,4037.0,1983.28,0.28031690650984376,1.0756660766979593,8.366061545490336,126,147.9,1.2641229634553284,156.6,2.0
2.499162415955085,4044.0,1983.7199999999998,0.27415832113233707,0.724345586704879,8.272500426238752,125,146.9,1.305181970718554,156.8,2.0
2.5008941775155153,4046.0,1984.1599999999999,0.25753377829146135,3.1171708087746386,8.073899511317943,124,146.2,1.5133427913769375,156.7,2.0
2.5030222731312732,4052.0,1984.6799999999998,0.23674154032264524,1.2768573694547258,8.105476903997095,124,145.7,1.6749144713249646,156.4,2.0
2.5044725058836113,4055.0,1985.08,0.23157123193301876,1.7402793028058074,9.168308230903547,123,145.0,1.663475272348391,155.6,2.0
2.5061407204573727,4059.0,1985.48,0.22765484658168375,1.5013931163851695,8.739299125410543,124,144.3,1.7275089452218435,154.4,2.0
2.507713915194522,4061.0,1985.7599999999998,0.2329544219335217,2.8317505268683547,8.617698665181644,128,143.6,2.1147815712378195,153.2,2.0
2.5092781359097627,4063.0,1986.0,0.2379087913807402,2.8155972874333437,9.27558696012676,131,142.8,2.111905045652513,151.5,1.0
2.5107968831458383,4064.0,1986.3200000000002,0.25190731619913637,5.467490049871335,8.591716476899986,131,141.9,2.3081980067592807,149.4,1.0
2.512268227170113,4066.0,1986.6800000000003,0.2608808766930291,2.6484192436944176,10.39687689317045,131,141.2,2.3938965224702224,147.4,1.0
2.5136073110775072,4072.0,1987.1200000000001,0.27369019038944614,0.8034503444365132,10.275865595487877,132,140.4,2.3347686452926646,145.9,1.0
2.5148458772972893,4074.0,1987.56,0.28669732147399085,2.2294191956072433,10.325921352645693,131,140.0,2.364278061556579,144.5,1.0
2.5164614671546826,4079.0,1988.1600000000003,0.30606072096233916,1.1632246973233134,11.118875086597825,132,139.7,2.239909606206854,143.5,1.0
2.5181385256828324,4080.0,1988.8,0.32389458773421,6.037410701339069,11.292281876651352,131,139.4,2.306608086859746,142.6,1.0
2.5197832198323002,4086.0,1989.44,0.3392127953811813,0.9868164896808349,11.59179670301061,129,139.3,2.343223669073155,142.3,4.0
2.521600933898666,4092.0,1990.1200000000001,0.3548496806903581,1.0906284398192327,11.192313155877496,129,139.4,2.4056502310215526,142.6,1.0
2.5234411087857835,4094.0,1990.8,0.36527490948284974,3.3123147968117435,11.472943827297204,129,139.5,2.031363114411132,143.3,1.0
2.5257581290861912,4098.0,1991.44,0.3830315507285045,2.085318270367042,12.607349511788854,129,140.0,1.88574958652478,144.4,1.0
2.5280088485125285,4100.0,1992.1199999999997,0.3919059544381486,4.051294967406773,12.814275995128256,130,140.6,1.949434331922116,145.4,1.0
2.5301656673880593,4107.0,1992.8400000000001,0.3866984666391285,1.10922113598736,10.879114879187716,132,141.6,1.8359166588343847,146.2,1.0
2.531973137462061,4113.0,1993.52,0.3766040873576143,1.0844820444010164,11.662053850608741,131,142.7,1.8649386713388971,146.6,1.0
2.534159861970009,4115.0,1994.2599999999998,0.35668556382291255,3.9361041143059055,11.486776907183891,132,143.5,2.107097752539869,147.1,1.0
2.5354166305671906,4118.0,1994.94,0.3288917770881183,1.5081223166177136,10.215359949467025,133,144.3,2.068496042670525,147.5,1.0
2.5363884068408997,4123.0,1995.3799999999999,0.31951351612484125,0.6996789170707312,9.619743257319817,134,145.2,2.1941659290942823,147.9,1.0
2.537146425682371,4124.0,1995.7,0.31544016839793454,2.7288678292974,9.136766877877736,133,146.2,2.1854893058457887,148.0,1.0
2.537612430443474,4126.0,1995.9,0.3214072553793075,0.8388085699854045,8.918376292193582,130,147.2,2.106473497312096,147.7,1.0
2.5379015376515266,4127.0,1996.0,0.3445174054386086,1.0407859489898592,12.018100443345592,127,148.3,2.2432750603591183,146.8,1.0
2.5388426660018824,4130.0,1996.2400000000002,0.35778231809446503,1.1293540204271382,11.208907398189076,124,149.6,2.228385958896895,145.5,1.0
2.539821737089828,4131.0,1996.5600000000002,0.3626502465317725,3.524655916605492,11.382280763938898,124,151.0,1.9706280373815863,144.2,1.0
2.5412302233752473,4138.0,1997.0400000000002,0.3906880051204876,0.7243643753583525,15.468681139114883,124,152.0,2.130063525544506,143.0,1.0
2.5428056124583054,4139.0,1997.72,0.4264798730132947,5.671400699009953,14.851868786876105,124,153.0,1.9862395014366627,141.6,4.0
2.544261573496236,4142.0,1998.4,0.4627755249934794,1.7471532455166587,15.036399633729223,124,154.1,1.795834525982831,140.0,4.0
2.5454792760504903,4146.0,1999.0400000000002,0.5180165987336899,1.0959322988288762,15.096552358724121,124,155.3,2.252331591087757,138.5,4.0
2.5469565784569523,4147.0,1999.8400000000001,0.5651665691453646,5.318288663262765,16.071391876105455,124,156.6,1.966461276314174,137.3,4.0
2.5480660114104174,4152.0,2000.6799999999998,0.6035930138220396,0.7987917264949033,15.526342428014974,126,157.6,1.893380886491182,136.4,4.0
2.549044517129698,4157.0,2001.4,0.6258343467786316,0.7045241178819331,15.74502355972119,128,158.4,2.0242992225352454,135.7,3.0
2.5502346520350594,4163.0,2002.2399999999998,0.6289610656890763,0.7140809432169015,12.849071248404897,129,159.4,1.8533686933596092,135.4,3.0
2.5518159394655306,4166.0,2003.1599999999999,0.6432224086226943,1.8975449165657161,12.965223837377838,129,160.3,1.8118581859959624,135.5,3.0
2.553180319442226,4169.0,2004.0399999999997,0.6436672328285064,1.6372559720340043,13.212148995893623,129,161.1,1.847925726885816,135.9,4.0
2.554472482187233,4175.0,2004.8799999999999,0.6290248223819129,0.775297647004286,9.60776533511592,131,161.9,1.5985987501346297,136.4,4.0
2.555834408157985,4180.0,2005.72,0.6078917332739134,0.980586698941577,12.977506541603606,133,162.5,1.439942335357466,137.3,4.0
2.557236073415851,4183.0,2006.72,0.5925100126743807,1.6819983094387692,13.144352934471792,135,162.6,1.319611820718,138.4,4.0
2.558010028521616,4185.0,2007.48,0.556433975848775,1.3931191903778877,14.586421246693174,135,162.5,0.9344567922835854,139.7,4.0
2.559371460466371,4190.0,2008.2,0.5111835980400437,0.9802310002235565,14.84433498866448,137,162.1,0.9156389788158312,141.1,4.0
2.5609100198964287,4191.0,2008.8799999999999,0.4605748743181629,5.53881394820816,14.010645886391789,137,161.8,0.9857831880587876,142.6,1.0
2.5626051175832836,4196.0,2009.6,0.4067813198153079,1.2204703345354961,14.994939290989766,138,161.6,0.8824127161958802,144.9,1.0
2.564755750783592,4198.0,2010.2,0.35327600440340035,3.871139760555364,15.275189533154915,138,161.0,0.8337981051709484,147.4,1.0
2.5671276515099786,4200.0,2010.8,0.28728400929392794,4.2694213074953336,14.3492069406638,138,160.3,0.777042779636606,149.8,1.0
2.569468589331426,4206.0,2011.3199999999997,0.24652991145471534,1.404562692868505,13.879546750980674,138,159.6,0.753737130563312,152.0,1.0
2.5729389128253097,4208.0,2011.72,0.21133603324276837,6.246582288990589,14.418477758964764,138,158.9,1.0183670684095252,153.9,2.0
2.576963744739062,4212.0,2012.08,0.1897899801047481,3.6223487223773088,11.258890300239411,136,158.3,1.20750662977166,155.4,2.0
2.5806206449984272,4220.0,2012.3200000000002,0.17710790966448386,1.6456051167143495,12.022319336769645,139,157.8,1.306366621950492,156.8,2.0
2.5845156181157924,4226.0,2012.6799999999998,0.1833977301720527,2.3369838704190093,10.596563913451405,140,157.3,1.2384664403284318,157.3,2.0
2.5882165524415566,4229.0,2013.0400000000002,0.19175011686916993,4.441121190916854,9.378245988875584,136,156.9,1.4365625789234902,157.1,2.0
2.5911752740772545,4233.0,2013.64,0.21031897954852066,2.6628494721280704,9.659113192165979,133,156.6,1.467004542318746,156.5,2.0
2.5935686559029465,4235.0,2014.36,0.22876303417157123,4.308087286245728,9.939229116139233,131,156.4,1.543239820124629,155.0,2.0
2.5958343343326367,4240.0,2015.2,0.24557029989127516,1.6312884693770444,10.420466584314106,130,156.2,1.8325558823544088,153.3,2.0
2.5975614609462285,4244.0,2015.92,0.2627337736600356,1.554413952232646,11.158183605676959,130,156.1,1.842458178167264,151.9,1.0
2.599168940071445,4247.0,2016.6,0.2792023011096706,1.9289749502594635,11.58374902404531,134,156.3,1.77166835934565,150.8,1.0
2.600307432430922,4248.0,2017.08,0.3129476248003898,4.098572494117794,11.097312323672877,144,156.5,1.827474195251035,149.9,1.0
2.60118075818807,4249.0,2017.4399999999998,0.3373082558413412,3.1439727257324037,11.802357190712915,154,156.6,1.6440785963041282,149.3,1.0
2.601790683945652,4250.0,2017.72,0.36893179369819223,2.1957327272951956,10.780308724968833,157,156.8,1.5063455546433644,148.8,1.0
2.6023225545329236,4251.0,2018.0,0.3872863040350384,1.9147341141775989,13.187838426868822,157,156.7,1.4434936926273556,149.1,1.0
2.603072067809717,4253.0,2018.44,0.42058156805302094,1.3491238982283542,13.169959865793839,157,156.4,1.2177297482596758,149.9,1.0
2.603717912971666,4254.0,2018.8399999999997,0.43852178292794514,2.3250425830152084,15.141456522133637,157,155.6,1.0692848369022347,150.8,1.0
2.604807079664612,4260.0,2019.36,0.4717954495611214,0.6535000157675515,13.913952141852425,159,154.4,0.9676762652621346,151.7,1.0
2.605815773509621,4261.0,2019.8400000000001,0.5026973277869284,3.631297842032165,13.281702978071294,159,153.2,0.7847101845722128,152.5,2.0
2.607216030675629,4268.0,2020.48,0.5375607054135522,0.7201322568040182,13.138452262408942,159,151.5,0.8610363222069038,152.9,2.0
2.608145114744673,4269.0,2021.0400000000002,0.5577329894742439,3.344702648558755,12.623431917639182,159,149.4,0.8992946484406042,152.8,2.0
2.609283607265517,4274.0,2021.72,0.5577868410769385,0.8197146150079219,15.167847826639932,159,147.4,0.7849661508819035,152.6,2.0
2.6102303837762655,4277.0,2022.36,0.5496294587909951,1.1361318128984177,14.60110252398133,159,145.9,0.8062840234055582,152.4,2.0
2.611299551880738,4280.0,2023.0,0.5339977780543714,1.2830017253670174,15.629039491869719,158,144.5,1.0008167967531594,151.8,1.0
2.6122998240021973,4285.0,2023.52,0.5310996447551661,0.7201959274508187,14.084206570146762,158,143.5,1.033946728360931,150.3,1.0
2.613440308313891,4286.0,2024.0,0.5121977482464729,4.105743522097973,14.047962611135976,158,142.6,1.0673052566227168,148.6,1.0
2.6144554523767716,4289.0,2024.4,0.5036007764608692,1.2181728754568621,12.36358075353381,162,142.3,1.413861232219639,146.7,1.0
2.6155133768435594,4291.0,2024.8799999999999,0.4886219900506725,1.9042640402178743,13.32561275276593,165,142.6,1.4532121077838194,144.8,1.0
2.616598707632235,4293.0,2025.48,0.4711230198423631,1.9535954196157537,13.470971467989127,165,143.3,1.3509686677287998,142.6,1.0
2.6177358580938073,4298.0,2026.0800000000004,0.4420156372280612,0.8187483323322522,13.366125358151933,165,144.4,1.2766964735554596,140.4,4.0
2.61913260729073,4301.0,2026.72,0.4258860154077424,1.6760990363076627,13.484196739104567,165,145.4,1.2663474431545825,138.5,4.0
2.620631271282975,4303.0,2027.44,0.40284688485030157,2.6975951860410454,12.370397179322453,166,146.2,1.0841278884494197,136.6,4.0
2.6221962248627535,4306.0,2028.1199999999997,0.38645914223361566,1.8779442957339016,11.935932467424557,166,146.6,1.0722399108254,134.8,3.0
2.6236952992542735,4309.0,2028.6799999999998,0.3587032482009434,1.798889269823901,13.442361899949764,166,147.1,0.8881559190682227,133.0,3.0
2.625764831309622,4314.0,2029.36,0.32343941968956985,1.4900630798509444,12.516521542102677,167,147.5,0.8508150984938213,131.7,3.0
2.627667838779343,4315.0,2029.92,0.2867456245729,6.850826890996967,12.924575696444046,167,147.9,0.7972449859502262,130.3,3.0
2.630605552558036,4322.0,2030.48,0.25214336119867287,1.510824229042072,12.695596216547255,166,148.0,0.4728523825777891,129.3,3.0
2.633771951629888,4323.0,2030.92,0.21659257208290628,11.399036658667889,11.49173670790178,166,147.7,0.4244241127091366,128.5,0.0
2.637785987203063,4331.0,2031.4,0.18999051533502756,1.8063160079286935,13.053274277736241,166,146.8,0.4702995166520807,128.1,0.0
2.642526691630129,4336.0,2031.8,0.17522177270194267,3.413307187487385,12.617641717276829,169,145.5,0.634975371604301,127.6,0.0
2.6471084253169574,4341.0,2032.2400000000002,0.1573320460615067,3.2988482545166296,12.517123677722994,167,144.2,0.7060789807653759,127.1,0.0
2.650885210481092,4349.0,2032.7599999999998,0.1540416555085462,1.6995533238604297,10.520185972230873,166,143.0,1.0756612804804828,126.7,0.0
2.6544566599109913,4350.0,2033.2800000000002,0.15017720863029566,12.85721794763802,10.947192417837428,165,141.6,1.345969482544724,126.3,0.0
2.6578544240587516,4356.0,2033.8,0.1534865936934281,2.0386584886562447,8.34138638644013,164,140.0,1.507079147893868,126.0,0.0
2.65979857440772,4359.0,2034.2400000000002,0.15865793140053167,2.3329804187621113,9.088888786180181,163,138.5,1.701164136762062,125.6,0.0
2.662207117978297,4367.0,2034.8,0.16963317135126182,1.0838446067596468,8.673346038734838,162,137.3,1.9164755197955623,125.3,0.0
2.6641475661846434,4369.0,2035.2400000000002,0.17799620227167662,3.4928067714234774,9.001864908085352,161,136.4,1.9846088371240007,124.9,0.0
2.666472696825414,4375.0,2035.72,0.19004387942237505,1.3950783844623504,9.494709682335396,161,135.7,2.3868949821260124,124.3,0.0
2.668760990453435,4377.0,2036.2400000000002,0.19925221276083557,4.118928530438166,7.618615998096824,160,135.4,2.3387554951626,123.6,0.0
2.6715443347896186,4383.0,2036.8,0.21340876255882552,1.6700066017099968,7.970782182687072,158,135.5,2.299706617443381,123.2,0.0
2.67434821570308,4386.0,2037.3200000000002,0.23116361760298543,3.3646570961534885,9.670007782188701,158,135.9,2.260403590014276,122.8,0.0
2.6777715298248603,4391.0,2037.9599999999998,0.24896075816178728,2.464786167681823,9.975074269247205,158,136.4,1.9486368840778188,122.5,0.0
2.680391505990761,4396.0,2038.52,0.27337289372594814,1.8863828394486097,9.965867909350202,157,137.3,2.054128903491472,122.0,0.0
2.6825401855148656,4400.0,2039.1599999999999,0.30464382922448396,1.933811571694272,10.04133407634637,156,138.4,1.9812935220966783,122.0,0.0
2.6842216075713523,4401.0,2039.8,0.3300119525235175,6.053119403352622,9.48121729851396,156,139.7,1.8592224057619844,122.4,0.0
2.6858207400694574,4406.0,2040.48,0.3534513089554919,1.1513753986356177,11.288354686042615,156,141.1,1.6835085433267245,122.9,0.0
2.6868092831231114,4408.0,2041.1599999999999,0.3742438511665207,1.779377496577611,10.430660192466288,156,142.6,1.6539783715063812,123.2,0.0
2.6877646328950995,4412.0,2041.8799999999999,0.3856952429810527,0.8598147947892836,10.910973219729055,156,144.9,1.2378027902786346,123.5,0.0
2.68878611097271,4415.0,2042.52,0.39708248119188666,1.2257736931328795,11.201543958549989,157,147.4,1.175119163752599,123.8,0.0
2.6898752784284294,4416.0,2043.1599999999999,0.39910995285047424,3.9210028405893174,11.596943328063666,156,149.8,1.0073958725316323,124.0,0.0
2.6911114449572175,4424.0,2043.7600000000002,0.40053558420197816,0.5562749379545501,10.257568674174376,157,152.0,0.9093474006309687,124.3,0.0
2.6924283521699426,4426.0,2044.3200000000002,0.39548128876901967,2.370432982905361,11.35151797518884,157,153.9,0.8274962462388628,124.6,0.0
2.694482721367143,4430.0,2044.8799999999999,0.3842022249927352,1.8489322774804016,12.102029578903775,160,155.4,0.4473505287015363,125.2,0.0
2.6964156752006323,4433.0,2045.4,0.36777834964086453,2.319544600187016,12.565626950273124,160,156.8,0.3750400428363363,125.8,0.0
2.698478834918147,4437.0,2045.9599999999998,0.3531033218736577,1.856843745763441,12.743052184354102,162,157.3,0.3700184386127027,126.4,0.0
2.7003456741524303,4439.0,2046.52,0.3402599391064839,3.3603106217098118,12.004447343285332,162,157.1,0.7760159063960858,127.3,0.0
2.702322385877334,4441.0,2047.0400000000002,0.33016941758795715,3.5580811048265972,14.532509050012413,162,156.5,1.012784675347863,128.6,0.0
2.7039711792213836,4444.0,2047.64,0.3268502578238034,1.978552012859142,13.875064577667521,161,155.0,1.0374494808066888,129.9,3.0
2.7055598656119324,4447.0,2048.2,0.3215051902150861,1.906423668658408,14.747476592704782,160,153.3,1.124303670030114,131.2,3.0
2.707352640342366,4449.0,2048.8,0.3383973441842695,3.226994514780158,14.195743029771416,160,151.9,1.4813873166215816,132.5,3.0
2.70886742223234,4450.0,2049.3599999999997,0.3529639360424108,5.453214803906803,16.202202231892258,161,150.8,1.6068484752501946,133.8,3.0
2.7107769727282243,4455.0,2049.96,0.36793694799459187,1.3748763570368474,15.329978265631027,161,149.9,1.7845567940135674,135.1,3.0
2.712698048748943,4457.0,2050.4399999999996,0.37480291958468825,3.4579368372941435,14.48375209271652,164,149.3,1.9487555182304352,136.1,4.0
2.714443917071254,4462.0,2051.16,0.3828339829468145,1.2570251920638744,14.042978893487383,165,148.8,1.978714731543581,136.7,4.0
2.7159824464473314,4463.0,2051.8,0.3613016096529532,5.538705753877958,13.171210201145588,165,149.1,1.9725983036765151,137.2,4.0
2.7173740847730468,4466.0,2052.3599999999997,0.3333738293813376,1.6699659908585276,11.58892357482413,166,149.9,1.6372776419690045,137.4,4.0
2.7179303912561825,4467.0,2052.7599999999998,0.30138043195792763,2.0027033392894933,8.79466661373326,167,150.8,1.338758163471094,137.7,4.0
2.718671670879048,4469.0,2053.16,0.2579463507807524,1.33430332115756,8.170697245973033,166,151.7,1.338579763749832,138.1,4.0
2.718906523136279,4476.0,2053.2400000000002,0.2095865868545937,0.12078116086168132,6.270261923323354,165,152.5,1.721485743182886,138.6,4.0
2.7192638691205735,4484.0,2053.2799999999997,0.1503746198535185,0.16080569293254734,5.585309368651133,164,152.9,1.4390077257969032,139.1,4.0
2.7199318524299056,4490.0,2053.28,0.08096925113521837,0.40078998559925577,2.6085136917393323,161,152.8,1.3766198143222728,139.5,4.0
2.7205974858529918,4492.0,2053.2400000000002,0.011557353412736523,1.1981401615548604,1.828448072005156,161,152.6,1.2656769510417112,139.8,4.0
2.7213833479081204,4497.0,2053.16,-0.050677107253796115,0.5658206796925548,0.9651806385179105,158,152.4,1.1328584016165482,140.4,4.0
2.7219158944975703,4499.0,2053.12,-0.1381940655356512,0.9585838610099946,0.46307827704030025,155,151.8,1.0970614223821706,141.4,4.0
2.7219823783870045,4501.0,2053.04,-0.20801594064561374,0.11967100098154286,0.4348751147778918,152,150.3,1.1026366906605518,142.5,1.0
2.7222528182973496,4503.0,2052.96,-0.31522318094235907,0.48679183862140374,0.43495777068301955,149,148.6,1.0893271640970026,143.7,1.0
2.7224742155084316,4506.0,2052.88,-0.3919121484344871,0.2656766532986636,0.43146936024615606,146,146.7,1.0768174618529076,144.5,1.0
2.7225802059652096,4509.0,2052.76,-0.44977481702143435,0.1271885481336163,0.33387712074536696,143,144.8,1.0222518519833692,145.3,1.0
2.7226355552687806,4511.0,2052.64,-0.5296151303986544,0.09962874642767984,0.33761786825524537,140,142.6,0.5472961932558096,146.0,1.0
2.7228357064131434,4513.0,2052.4800000000005,-0.6231929898439275,0.3602720598533436,0.3264787304542804,136,140.4,0.5182174276671018,146.5,1.0
2.722999034090923,4514.0,2052.32,-0.7065669204526744,0.587979640007367,0.3606929847615108,133,138.5,0.459405775740528,147.1,1.0
2.723162361768411,4516.0,2052.16,-0.7879116996195694,0.2939898194785206,0.3546635752508297,129,136.6,0.3985107939570639,147.2,1.0
2.723363189538021,4518.0,2051.88,-0.8641920311765864,0.36148998529777226,0.3574751989940349,124,134.8,0.3535567517695307,147.0,1.0
2.7234867719214217,4520.0,2051.52,-0.8646849426217045,0.22244829012175577,0.43463260640288254,121,133.0,0.3441281416333024,146.3,1.0
2.7240687280306717,4526.0,2051.12,-0.8219392440767954,0.34917366554993545,0.4538500329268948,123,131.7,0.279747671714683,145.5,1.0
2.724674803222689,4532.0,2050.72,-0.728887933573384,0.3636451152105199,0.4496086903038819,122,130.3,0.1742748358162358,144.5,1.0
2.725347583272421,4539.0,2050.32,-0.6232351121247982,0.34600116843357126,0.3866813496699427,122,129.3,0.1513300305090778,143.7,1.0
2.7260480174065127,4542.0,2050.12,-0.5026222240488906,0.8405209609100308,0.38769309929406454,119,128.5,0.138980757879828,143.1,1.0
2.726451358126241,4548.0,2050.04,-0.36648920379932703,0.24200443183700215,0.3603121949030684,116,128.1,0.136493941512189,142.9,1.0
2.7266914173818546,4550.0,2050.0,-0.2941670913367873,0.43210666010417176,0.3545677058964502,114,127.6,0.090051356869934,143.3,1.0
2.726906699552865,4560.0,2050.12,-0.2218977859853067,0.07750158156375901,0.33956352450594013,110,127.1,0.1530066835290439,143.7,1.0
2.727392587533778,4563.0,2050.32,-0.24428417684095954,0.5830655770958886,0.3057971161313541,109,126.7,0.1685131744708781,144.6,1.0
2.7278411665624303,4574.0,2050.44,-0.308474184015015,0.14680768210440162,0.28864851945801195,107,126.3,0.1882315354864115,145.8,1.0
2.7280308866952505,4579.0,2050.3599999999997,-0.455063704913324,0.13659849563071289,0.20127136758008463,104,126.0,0.1897909624617033,147.3,1.0
2.7282118230821784,4582.0,2050.2799999999997,-0.9582930096483271,0.21712366431332272,0.18382290876043628,103,125.6,0.2239921521346621,149.1,1.0
2.728341072256823,4589.0,2049.96,-1.1357491193504425,0.06647100410305182,0.17985154829813263,101,125.3,0.2305407158723791,151.1,1.0
2.728449449159842,4591.0,2049.5199999999995,-1.345355952261891,0.19507842543386095,0.19233130705187376,101,124.9,0.246212394992864,153.3,2.0
2.728588525791399,4598.0,2049.04,-1.5471565954731001,0.07152512480065899,0.28880780073318213,104,124.3,0.2681837611462854,155.2,2.0
2.7289085180666026,4608.0,2047.8,-1.7065539564701386,0.11519721907334635,0.32314756414108753,102,123.6,0.2745588959254171,156.6,2.0
2.729228510338604,4612.0,2047.36,-1.7314619608160915,0.28799304480105276,0.37414441412128796,102,123.2,0.2885032789837741,157.5,2.0
2.7295485026078254,4620.0,2046.9599999999998,-1.971600677592594,0.14399652114973852,0.35030878950055067,100,122.8,0.2361002167459838,158.2,2.0
2.7298684948741587,4621.0,2046.6,-1.889489364362913,1.1519721588002387,0.68012963986875,101,122.5,0.2273317329049719,158.7,2.0
2.730220773265038,4624.0,2046.28,-1.7387957370204443,0.42273406905494926,1.5986910320195074,105,122.0,0.23405804745935,159.0,2.0
2.730393192401913,4625.0,2046.1200000000001,-1.3614594576449162,0.6207088927495428,1.9147130141663435,109,122.0,0.2149759312646106,159.2,2.0
2.730426135547098,4643.0,2045.36,-0.48601789121330163,0.00658862903705228,2.305399371875757,106,122.4,0.1859918130793391,159.0,2.0
2.7307859060619917,4644.0,2045.2400000000002,0.1557312620736358,1.295173853617137,2.531125182679179,102,122.9,0.1757653849923108,158.6,2.0
2.731100409573431,4645.0,2045.2,0.7438910231853278,1.1322126411802977,2.688208992597194,102,123.2,0.1654465930204434,157.4,2.0
2.7314255176667586,4648.0,2045.64,1.2690036987681819,0.39012971199315316,2.8505233997555557,106,123.5,0.1509528249309747,156.1,2.0
2.7316954978695076,4650.0,2046.4,1.5220673321383615,0.4859643649485451,2.83944194367709,109,123.8,0.1511972541848322,154.9,2.0
2.7319547115704443,4653.0,2047.3200000000002,1.5040147008682456,0.3110564411240463,2.7783719184256657,108,124.0,0.1556283015679243,153.9,2.0
2.732070683965432,4655.0,2048.1600000000003,1.5564813214852111,0.2087503109777686,2.80933154788926,109,124.3,0.1433123789055338,153.0,2.0
2.73226673380827,4657.0,2048.88,1.433907144029352,0.35288971710791506,2.515459618312421,109,124.6,0.268992648373511,152.6,2.0
2.7323655632284405,4665.0,2049.12,1.3964695748598892,0.04447323907676047,1.5911746220557255,108,125.2,0.2526043227930122,152.4,2.0
2.7324129932604713,4680.0,2049.0,1.1846522694618808,0.011383207687368427,1.2712382130658515,110,125.8,0.2692752019082977,152.1,1.0
2.7324874003508555,4687.0,2048.6800000000003,0.8021923584252496,0.0382665036262471,0.8826240204925762,111,126.4,0.2825210844022833,152.0,1.0
2.732691356536299,4695.0,2048.4399999999996,0.31872195353769384,0.09178028344962755,0.6410031372967036,108,127.3,0.291285054822442,152.1,1.0
2.7329137466976454,4697.0,2048.3599999999997,-0.11624949500702915,0.40030229042351506,0.4799675708121168,108,128.6,0.3692089307530229,152.7,2.0
2.7330373291094516,4709.0,2048.32,-0.5878141664177116,0.03707472354180122,0.21792781973762235,112,129.9,0.370032613134717,153.4,2.0
2.7331485241894176,4712.0,2048.2799999999997,-0.7888796510422211,0.13343409595904948,0.3465341925005175,112,131.2,0.3851402228138872,154.2,2.0
2.7333953615538924,4718.0,2048.24,-0.6444038845247452,0.14810241868487933,0.35058331559617745,109,132.5,0.3854100937024652,155.0,2.0
2.7335717105656676,4721.0,2048.2,-0.2434150823343749,0.21161881413011582,0.33669321736687563,112,133.8,0.4717232248015524,155.8,2.0
2.7336777010314646,4726.0,2048.08,0.2716622966035895,0.07631313537368309,0.30501710520988123,112,135.1,0.3590164652909882,156.4,2.0
2.7337883996425543,4728.0,2048.0,0.6748116454536373,0.19925749996184564,0.3942527177320133,111,136.1,0.3816514133903791,156.8,2.0
2.733842588081581,4740.0,2048.0800000000004,1.080351531219696,0.016256531708021337,0.46613457988916523,109,136.7,0.3989193527850295,157.3,2.0
2.7339443475755916,4757.0,2048.32,2.079446728503867,0.021549069319881115,0.5002420642843933,109,137.2,0.4551197164939553,158.0,2.0
2.7339720222275914,4764.0,2048.8,2.3511524075193395,0.014232678171295839,0.926834328506744,112,137.4,0.4532376094115237,159.0,2.0
2.734078012693973,4767.0,2049.3599999999997,2.5274810058893507,0.1271885596583316,1.0230947278532647,112,137.7,0.4298456222925428,160.1,2.0
2.7341797721879733,4771.0,2050.16,2.7027820476566506,0.09158354460007713,1.3665746559518996,108,138.1,0.4826643839202036,161.1,2.0
2.7344762604295774,4789.0,2052.7200000000003,2.8035579552453656,0.05929764832083664,1.318093903103775,104,138.6,0.4992058977766442,161.7,2.0
2.7347727486709195,4791.0,2053.44,2.7721523881155146,0.5336788344160313,1.397268437394954,101,139.1,0.91074704183918,161.9,2.0
2.7351723851727505,4802.0,2053.92,2.600592054903986,0.13079012787192684,1.4727957292548566,100,139.5,0.8769660436847113,162.0,2.0
2.7357986450071388,4807.0,2054.2,2.243351068770614,0.4509070807596563,1.4674844189787848,99,139.8,0.901165712249782,161.7,2.0
2.736424904860012,4823.0,2054.32,1.7572137626618534,0.14090846689655356,1.3632641899724016,100,140.4,0.92311990320332,161.4,2.0
2.7367967284599284,4835.0,2054.48,1.3236453552565288,0.11154707997482323,1.32804496700027,100,141.4,0.9214108556512356,160.8,2.0
2.7371685520659907,4841.0,2054.52,0.2793248724340747,0.22309416363746676,1.2993140332777213,103,142.5,1.0151258841591868,159.6,2.0
2.7374034043176145,4852.0,2054.48,-0.02060405199940728,0.07686073689505042,0.9263471854536907,106,143.7,1.0821488448752123,158.0,2.0
2.737820634180116,4912.0,2053.84,-0.24246065073931627,0.025033791750096006,0.8895207479822685,104,144.5,1.0577826055558244,156.3,2.0
2.738322724390915,4918.0,2053.6,-0.38745386575033647,0.30125412647923866,0.5258125870110782,104,145.3,1.024084376903822,155.0,2.0
2.7388248145956826,4928.0,2053.3199999999997,-0.5314304539758355,0.18075247371640313,0.417243577642979,105,146.0,1.009388948591535,153.9,2.0
2.739341525660746,4931.0,2053.12,-0.6965251336716769,0.6200532780760355,0.3311305653170381,105,146.5,0.5909363887058026,153.1,2.0
2.73986843295832,4934.0,2052.88,-0.8719671752288178,0.6322887570883624,0.24810487081109503,104,147.1,0.6258112970747615,152.5,2.0
2.7400556345676215,4941.0,2052.6800000000003,-1.0665483212729736,0.09627511335523885,0.24619472046018914,106,147.2,0.6283954594286087,152.0,1.0
2.7402428361752027,4950.0,2052.3599999999997,-1.1685430990986712,0.0748806430325612,0.2945105890419204,106,147.0,0.6075174024585654,151.2,1.0
2.7403552446197375,4957.0,2052.04,-1.2103951672992364,0.057810057189353656,0.2614929944291521,108,146.3,0.6608778113584731,150.5,1.0
2.7404570041144214,4961.0,2051.68,-1.1855417536756228,0.09158354521553963,0.2503250050270585,108,145.5,0.5585554082233948,150.1,1.0
2.7405583047931583,4970.0,2051.32,-1.1576422369217183,0.04052027149480988,0.2296448857335065,107,144.5,0.5564453268282717,149.6,1.0
2.740679985355636,4971.0,2050.96,-1.0980080919222428,0.43805002491937794,0.18513286109815819,107,143.7,0.5811864173928112,148.8,1.0
2.74085287116498,4980.0,2050.76,-1.045374599037568,0.06915432373763905,0.19660987474063416,109,143.1,0.6669012266196104,147.0,1.0
2.7409903117285874,4986.0,2050.6400000000003,-0.9504375051101539,0.08246433816442422,0.19962836974420567,104,142.9,0.8162782982551432,144.8,1.0
2.741111992291912,4987.0,2050.56,-0.8458365355177149,0.4380500279677675,0.2071610732370726,99,143.3,0.8823225371473514,142.3,1.0
2.741379263142799,4991.0,2050.5199999999995,-0.7068952614633985,0.24054376579816794,0.23835277818426892,98,143.7,0.8860945000163764,139.5,4.0
2.742091673738489,5004.0,2050.48,-0.5370274711826323,0.19728293419111118,0.345796789104171,100,144.6,1.1314667556550644,136.9,4.0
2.7427178421584943,5024.0,2050.4,-0.3236703005090615,0.11271031560097905,0.39639338439117094,98,145.8,1.1462007772015614,134.6,3.0
2.7431817317478413,5031.0,2050.28,-0.24446647032089325,0.2385717888069769,0.41417084658829184,94,147.3,1.2613732153256998,132.4,3.0
2.743453590607255,5032.0,2050.12,-0.19598173904744418,0.9786918938891425,0.4299893042516808,90,149.1,1.3039923464544825,130.2,3.0
2.744275794526507,5033.0,2049.92,-0.1399824678134,2.9599341093077074,0.439499882765527,87,151.1,1.3105412208008305,127.8,0.0
2.7453924077612224,5035.0,2049.7599999999998,-0.08536434639758533,2.0099038224877233,0.4577617970243977,86,153.3,1.3465397526798957,125.7,0.0
2.7463388596622327,5045.0,2049.64,-0.034989172512872015,0.3407226843636373,0.5143255756473937,86,155.2,1.3324092356608477,124.5,0.0
2.746850622176283,5053.0,2049.6400000000003,0.011608147244956046,0.2302931313227739,0.540682229469648,89,156.6,1.26078876728348,123.8,0.0
2.747087772335544,5055.0,2049.8,0.04466795219807807,0.426870286669873,0.5619529847251273,90,157.5,1.3332973053530064,123.7,0.0
2.747799185093601,5062.0,2050.04,0.029236202635718845,0.3658694184294055,0.7961675344181455,93,158.2,1.3957291289406082,124.0,0.0
2.7483987968713706,5066.0,2050.24,0.05242821121195721,0.5396505999926894,0.6920317203271003,92,158.7,1.1552278377955794,124.3,0.0
2.7487997048577717,5074.0,2050.3599999999997,0.11255358236462323,0.18040859388056715,0.5983349373442869,90,159.0,1.2902716326751498,124.4,0.0
2.74895882546701,5078.0,2050.4,0.14445585625395896,0.14320854831443097,0.6045383429921106,109,159.2,1.1593168490337598,124.6,0.0
2.7492690092687355,5079.0,2050.2400000000002,0.14445585625375285,1.1166616862126075,0.6217022105257185,116,159.0,1.169635966713659,124.5,0.0
2.749324358573895,5085.0,2050.2,0.13705639944919212,0.03320958309581751,0.5886553842956492,116,158.6,1.2103547980197462,124.6,0.0
2.7494435995785644,5098.0,2050.32,0.10552386933197544,0.033020585908455975,0.5680245482472486,115,157.4,1.2801047335407163,124.7,0.0
2.7499147906012755,5107.0,2050.36,0.07480017812168524,0.18847640908443072,0.5475510203874299,116,156.1,1.2305760516026942,124.6,0.0
2.750594708501087,5118.0,2050.3599999999997,0.09486631072136117,0.22251858539287334,0.78636649627916,116,154.9,1.193189934650677,124.6,0.0
2.7509801763908257,5130.0,2050.44,0.12731685442495078,0.11564036692157047,0.9165531748613136,114,153.9,1.2989259737311578,124.1,0.0
2.751207990342323,5141.0,2050.48,0.21553597249811235,0.07455729321732718,0.8189508638283545,114,153.0,1.369413892006713,123.4,0.0
2.751505311453421,5148.0,2050.5199999999995,0.2523414511106794,0.15290799999330465,0.8546936906855016,111,152.6,1.4332593670284584,122.7,0.0
2.752262703072229,5151.0,2050.7599999999998,0.19151375905680232,0.9088699425692558,1.359579626482207,109,152.4,1.3336219656800248,122.3,0.0
2.7529004636213963,5155.0,2050.96,0.17863759223271033,0.5739844942506143,1.3665064128475561,108,152.1,1.4307354877868432,122.0,0.0
2.753377021421129,5158.0,2051.16,0.1972432335009322,0.5718693596788428,1.3922898547736562,109,152.0,1.7373668963545603,122.0,0.0
2.753823020057681,5169.0,2051.2799999999997,0.18721962464890787,0.14596319014428055,1.437387476897946,106,152.1,1.693338419218583,122.2,0.0
2.7542738324399143,5170.0,2051.16,0.2000877709543217,1.6229245760403825,1.5617736153735229,104,152.7,1.6403249519174017,122.5,0.0
2.754498115697815,5179.0,2051.16,0.2890339604411601,0.08971330316034413,1.6479377171578808,103,153.4,1.6841204032997408,122.9,0.0
2.754991756611826,5190.0,2051.24,0.2814878968097088,0.161555208221661,1.4928419296144981,105,154.2,1.776602195178994,123.3,0.0
2.755503519125834,5202.0,2051.2799999999997,0.3122233645055894,0.15352875420233472,1.5006747466557484,105,155.0,1.5783441087840502,123.9,0.0
2.7558909642721483,5208.0,2051.36,0.4205072836709425,0.23246708778865047,1.3588611044219752,108,155.8,1.5088522198576957,124.5,0.0
2.7562778940508488,5216.0,2051.68,0.5449937192074799,0.17411840041522478,1.4480986165370389,109,156.4,1.5969411120871575,125.1,0.0
2.7565624742463157,5223.0,2051.8,0.6480802533844838,0.14635552909733476,0.9457371057577045,114,156.8,2.185558417316772,125.3,0.0
2.7567943471007292,5227.0,2052.0,0.6065384177189511,0.20868556897233714,0.918564483225213,117,157.3,2.092108458475584,125.4,0.0
2.756916027664053,5237.0,2052.3599999999997,0.608480137570173,0.043805002796566815,0.9375477174088906,119,158.0,1.7276583951675009,125.2,0.0
2.7570937421239092,5241.0,2052.6799999999994,0.6187643364968956,0.15994301387051693,0.9549241589773914,120,159.0,1.6858114511976954,124.9,0.0
2.757121416778349,5250.0,2052.84,0.6335281725651598,0.011069861775864923,1.1052947759895069,115,160.1,1.6256718221187527,124.7,0.0
2.7571873030625915,5267.0,2052.7599999999998,0.5925110890400449,0.013952389604322763,0.9898493151572187,102,161.1,1.555775207325086,124.3,0.0
2.7573329310179444,5272.0,2052.7999999999997,0.5503701071626421,0.104852127854018,0.9422320236119758,102,161.7,1.427816204872414,123.8,0.0
2.757622507070081,5281.0,2052.84,0.4759981974104724,0.11583042085462254,0.8051695346239903,105,161.9,1.4698799951075554,123.3,0.0
2.757956498725429,5283.0,2052.9199999999996,0.33543816850281893,0.6011849796266351,0.850535687071632,105,162.0,1.3149016721989055,122.7,0.0
2.758203663548482,5292.0,2053.04,0.18442267977931598,0.09886592922117386,1.1576601024650095,108,161.7,1.1057978853421018,122.1,0.0
2.758509196249579,5296.0,2053.04,0.16281961983824197,0.2749794309872953,1.3616499941572675,109,161.4,0.4683871329180613,123.1,0.0
2.758740182820123,5306.0,2053.04,0.29249325054729036,0.08315516539585979,1.498279302729405,108,160.8,0.4735315602407358,124.1,0.0
2.7590568365928902,5314.0,2053.08,0.3827913912533452,0.14249419774524583,1.5732460337396943,112,159.6,0.494043608006252,126.5,0.0
2.7592056507684304,5315.0,2053.08,0.4966681471671176,0.5357310319448837,2.1659604844416784,113,158.0,0.4902167420312212,129.1,3.0
2.7598471057499117,5324.0,2053.24,0.6691727411031024,0.2565819925924833,2.5598072414578192,114,156.3,0.4497886905961054,131.5,3.0
2.7601444268477193,5330.0,2053.4800000000005,0.7120117492568703,0.17839265868467494,2.5834209721639594,114,155.0,0.4341504903930557,133.8,3.0
2.7603611805949284,5334.0,2053.7599999999998,0.8483520803403163,0.19507837248803528,2.6174922778793137,111,153.9,0.4121419250676277,136.1,4.0
2.7605889945464543,5335.0,2054.08,0.9949759862825213,0.8201302254928707,2.8363309914721655,111,153.1,0.402188688299946,138.2,4.0
2.7608208673632983,5336.0,2054.6,1.1086451319704589,0.834742140638628,3.167322676390956,110,152.5,0.4151192047900829,140.4,4.0
2.7609268578268034,5342.0,2054.92,1.138793495151179,0.06359427810302724,5.365683502197697,112,152.0,0.4212061537132365,142.4,1.0
2.761035234702997,5345.0,2055.32,1.1268460918168286,0.130052251432356,5.424960732163458,115,151.2,0.4112306848689095,142.9,1.0
2.761120542309344,5346.0,2055.76,1.0660939980230688,0.3071073828491133,5.432432901955691,115,150.5,0.3479404675577827,143.1,1.0
2.7615345178562727,5349.0,2056.2,0.9675393441817862,0.4967706563141622,5.623663017956551,115,150.1,0.2753974792479311,142.1,4.0
2.7624165792349564,5350.0,2056.36,0.8487011508330541,3.175420963261363,5.657631077652243,115,149.6,0.2459692707442908,140.7,4.0
2.762780940491411,5354.0,2056.68,0.6649814665545184,0.3279251308091359,5.8259954881930245,117,148.8,0.2364585602426066,139.3,4.0
2.763145301753982,5361.0,2056.96,0.5814621757416315,0.1873857921791626,6.142964946418788,118,147.0,0.2936389421316014,138.0,4.0
2.7638290762507127,5366.0,2057.12,0.45602948458151965,0.4923176376460453,6.731012752708364,117,144.8,0.4793401394039284,136.5,4.0
2.76589608200063,5371.0,2057.3599999999997,0.32334922918192616,1.4882441399404258,7.602360807690059,116,142.3,0.3793926345686287,135.1,3.0
2.7681082806563593,5374.0,2057.8,0.20758384354882709,2.6546383868752486,8.069078627320936,116,139.5,0.3791388390149205,133.4,3.0
2.7711534120702583,5383.0,2058.0800000000004,0.19084461763286728,1.2180525655595924,6.119654584893017,114,136.9,0.5321003110104561,132.3,3.0
2.774053050903071,5387.0,2058.2799999999997,0.16090785213575196,2.609674949531254,6.179545903930099,117,134.6,0.5984342607331519,131.5,3.0
2.776509811428877,5389.0,2058.56,0.1509504062403006,4.422168946450787,6.3361269089069285,120,132.4,0.619512266828643,130.9,3.0
2.7783579730257713,5391.0,2058.8,0.15894875974154304,3.3266908744101817,7.896756084440488,122,130.2,0.6643326642779013,130.3,3.0
2.779764398783296,5393.0,2059.08,0.16535649976460917,2.5315663635440093,7.561012856626003,123,127.8,0.682617128825163,129.8,3.0
2.7811167126112366,5397.0,2059.3599999999997,0.16612035315494816,1.217082445146874,7.226727592409001,121,125.7,0.7120154643323107,129.2,3.0
2.78322612629448,5404.0,2059.68,0.17816431872526675,1.0848413228109026,7.647921444240358,118,124.5,0.6713176803641683,128.6,0.0
2.7854259665864634,5405.0,2060.04,0.1906774566960151,7.919425051139451,7.809974605081846,116,123.8,0.5091020170704936,128.1,0.0
2.7867773657455284,5409.0,2060.4399999999996,0.19765574647211115,1.216259243158328,7.748017579237555,113,123.7,0.6438771024068689,127.7,0.0
2.788144685176993,5412.0,2060.96,0.20513256252647957,1.6407833177576712,7.3324132908265565,112,124.0,0.7106339560340148,127.4,0.0
2.7895207240796704,5414.0,2061.56,0.2033731967133153,2.4768700248196067,7.583928365900244,112,124.3,0.5680806658560218,126.6,0.0
2.7917964796062886,5417.0,2062.12,0.19931879171595987,2.7309066319419646,8.775507005213147,111,124.4,0.4906899671413549,125.7,0.0
2.794689131968006,5420.0,2062.64,0.1933048927095455,3.4711828340608113,8.931810244147815,111,124.6,0.4995810748876715,125.2,0.0
2.7976760343446556,5427.0,2063.12,0.18953745723738097,1.5361212222769913,8.15412797522944,113,124.5,0.5134073174132884,124.5,0.0
2.801052829588731,5431.0,2063.44,0.19551385832422055,3.0391157196678384,9.092263748278617,115,124.6,0.495484024866036,123.9,0.0
2.8050271054484206,5434.0,2063.7200000000003,0.20352018323177884,4.769131031627377,9.47337944299544,116,124.7,0.4733211781055491,123.5,0.0
2.8080804176306917,5442.0,2064.04,0.220393524275086,1.37399048202193,9.836336202116202,115,124.6,0.6155836415931789,123.4,0.0
2.811246957058799,5446.0,2064.4800000000005,0.26443422347445456,2.849885485296759,11.543616937349082,116,124.6,0.6579099262574652,123.5,0.0
2.814245715775376,5450.0,2065.16,0.3285153741843017,2.6988828449191273,12.168133521353141,117,124.1,0.6577921998491079,123.6,0.0
2.8163700416759556,5455.0,2065.92,0.3945253050797691,1.5295146484174678,12.36946799900594,116,123.4,0.6418385119123574,123.9,0.0
2.817570338786778,5458.0,2066.76,0.4894112588814469,1.4403565329871195,11.583414577283616,117,122.7,0.7458997672739504,124.3,0.0
2.818428015221184,5459.0,2067.7599999999998,0.5757072441978227,3.087635163860755,10.290954287761238,117,122.3,1.2572195161513275,124.8,0.0
2.818992706212898,5460.0,2068.8,0.6310647620666106,2.0328875701714675,10.054133554434388,118,122.0,1.4458541543643175,125.2,0.0
2.819437486533469,5462.0,2069.64,0.6426389392786167,0.8006045770274801,10.18519218282967,118,122.0,2.631383130483131,125.9,0.0
2.8196956071622794,5467.0,2070.48,0.6180262625788826,0.1858468527434708,9.115029519861645,120,122.2,2.7911801426861333,126.5,0.0
2.819850380050225,5469.0,2071.2,0.5916781565175159,0.27859119830136403,8.757655239195612,120,122.5,3.087856682144454,127.1,0.0
2.820315266827541,5475.0,2071.7599999999998,0.5565231008270042,0.2789320663896585,7.979454159453233,121,122.9,3.193760526730194,127.8,0.0
2.821176098695444,5477.0,2072.04,0.4954483496355163,1.549497362226184,5.928311818604838,122,123.3,3.7548043422112287,128.4,0.0
2.8221303948161687,5486.0,2072.08,0.4236840718073157,0.38171844828974866,5.272823367023046,123,123.9,4.340240430279723,129.1,3.0
2.8238531934022926,5492.0,2072.2,0.35814043333299317,1.03367915167438,6.280189090786502,125,124.5,4.46583657219965,130.0,3.0
2.8259578572094766,5500.0,2072.3599999999997,0.2629695078537485,0.9470987132327973,6.543400855918999,126,125.1,4.877876158472482,131.1,3.0
2.828393866794708,5505.0,2072.4800000000005,0.18250642628758734,1.7539269013669077,6.9495909309756385,129,125.3,4.644995430028865,132.1,3.0
2.8308736110134687,5507.0,2072.7599999999998,0.1313403923659598,4.463539593769274,7.612145175510902,131,125.4,5.015503218806184,133.0,3.0
2.83342996868641,5508.0,2073.2,0.12046390584717752,9.202887622588358,6.905210453041754,131,125.2,3.932218057722385,134.1,3.0
2.835852967109974,5513.0,2073.48,0.1380208698139011,1.7445588649661727,8.69496303821269,134,124.9,4.159504904968418,135.0,3.0
2.83863934983581,5517.0,2073.88,0.1505622528582086,2.5077444532521738,8.43902674262657,135,124.7,4.095221315870184,135.7,3.0
2.8414651989069357,5520.0,2074.28,0.15842023702890454,3.3910188853511625,8.791627368857702,135,124.3,3.947247946106315,136.0,4.0
2.8442661579511164,5525.0,2074.7200000000003,0.17004797433872387,2.0166905118099363,8.957133954973594,136,123.8,3.4738344470265616,136.3,4.0
2.846767872428406,5526.0,2075.2400000000002,0.173380075208376,9.00617211824142,8.404907688331928,136,123.3,2.852060144707811,136.4,4.0
2.8492450824720104,5534.0,2075.7599999999998,0.1595030121514153,1.1147445196219712,7.073488776322788,138,122.7,2.7645641310175924,136.4,4.0
2.851599145353113,5537.0,2076.2,0.1535302788329648,2.824875457322831,6.912330888598911,137,122.1,2.649241754682285,136.3,4.0
2.8539463570679273,5540.0,2076.64,0.13968634578281738,2.8166540577774652,6.5030889791610775,137,123.1,2.4000902274514546,136.4,4.0
2.8557257991396976,5543.0,2077.04,0.12605610654087757,2.1353304861243516,6.034184019748286,137,124.1,1.8548478267353352,136.4,4.0
2.858054192550489,5548.0,2077.16,0.10677950240289776,1.6764432557699274,6.1018327622367465,140,126.5,1.9186921555392,135.9,4.0
2.8606269160104016,5555.0,2077.28,0.09806749180129817,1.3231149222407768,4.258560642944683,142,129.1,1.8474867325171531,135.4,3.0
2.863064168650965,5562.0,2077.32,0.0873879339769942,1.253444215146779,4.453140317252336,142,131.5,1.6416774496180189,135.0,3.0
2.8656038793870975,5566.0,2077.3599999999997,0.09098530208688083,2.2857396625194437,3.954260839326543,145,133.8,1.5646618191368242,134.7,3.0
2.8674377441697616,5568.0,2077.32,0.09479936118362986,3.30095660879554,4.813975844980433,145,136.1,1.7076612833198317,134.4,3.0
2.869022791018327,5574.0,2077.56,0.1073189195260201,0.9510281091391567,4.918648594445292,142,138.2,1.6652589693033792,134.2,3.0
2.870197047148676,5576.0,2077.7599999999998,0.13157830804550083,2.113661034628594,6.494652912185828,138,140.4,1.6396181290944898,133.8,3.0
2.871907826614396,5583.0,2078.16,0.15601095906417056,0.8798294395129095,6.6270600313955415,137,142.4,1.2452587269896949,133.2,3.0
2.87339075827379,5584.0,2078.5600000000004,0.17858868981699477,5.338553973818655,7.223649983008164,137,142.9,1.666933042646562,132.6,3.0
2.875379081959252,5588.0,2079.08,0.20978633222203164,1.7894913169156554,9.596394198159498,137,143.1,1.814577424553861,131.9,3.0
2.8772152100987616,5589.0,2079.6,0.24199210155052384,6.610061302234586,10.409976427050697,137,142.1,1.7308243735839677,131.5,3.0
2.879355296292086,5597.0,2080.12,0.26823512411504113,0.963038786995837,11.437564763989737,134,140.7,1.6008042856538094,131.5,3.0
2.881388817216123,5601.0,2080.56,0.30245301545404646,1.8301688316335383,13.293977316446046,133,139.3,1.7887742538546718,131.4,3.0
2.8834791477095862,5602.0,2081.16,0.3205306318236446,7.5251897764672275,14.092869635892637,133,138.0,1.884213962035352,131.3,3.0
2.8851019007172827,5604.0,2081.7200000000003,0.3320794447190541,2.920955413853972,13.653703377046474,133,136.5,1.6958453587686306,131.2,3.0
2.886457993898253,5606.0,2082.44,0.33673821462769615,2.4409677257464395,15.78760833842253,132,135.1,1.7091099857280043,131.2,3.0
2.888165868276937,5607.0,2083.28,0.3292713704415148,6.148347763261669,14.651836848083615,132,133.4,1.723093477152831,131.6,3.0
2.889997964275581,5610.0,2084.0,0.31440389833402194,2.1985151983726454,14.902988941100597,132,132.3,2.017684039633251,132.2,3.0
2.8919654049662817,5613.0,2084.6,0.31322480632470306,2.360928828840794,15.456458995500975,132,131.5,1.714806351206804,132.6,3.0
2.894102399827236,5614.0,2085.2,0.303836754385975,7.693181499435162,14.890519334302084,132,130.9,1.777000945872422,133.2,3.0
2.8960257774523193,5618.0,2085.5999999999995,0.3028863354718449,1.7310398625749757,14.20860140591682,135,130.3,1.9072281488767675,134.1,3.0
2.8976129221031077,5622.0,2085.88,0.3005155153994602,1.4284301857097152,13.879865741640586,139,129.8,1.7976450076277248,135.1,3.0
2.899365087530509,5624.0,2086.32,0.2926296757925488,3.1538977693225902,12.21509232977623,141,129.2,1.6446689726893524,136.4,4.0
2.901257324602935,5625.0,2086.7599999999998,0.2793755428015604,6.812053460732955,12.343353260458564,141,128.6,1.9709450020766317,137.7,4.0
2.903307468297983,5629.0,2087.2799999999997,0.2741173002842259,1.845129325543259,13.393399388235713,142,128.1,2.0221841207979545,139.1,4.0
2.905178018417139,5632.0,2087.88,0.26376819953440445,2.244660142987458,12.396537251168247,142,127.7,2.084593145824634,140.4,4.0
2.9070436950975753,5636.0,2088.48,0.26984808737826904,1.6791090123925363,12.374574680016753,142,127.4,2.136751901890504,141.7,4.0
2.9085015370164906,5638.0,2088.9199999999996,0.29529275233549646,2.624115454047522,13.707584983409053,143,126.6,3.0871785718506346,143.0,1.0
2.9097747201596467,5639.0,2089.4,0.31538418534770735,4.583459315361522,13.281459908288312,143,125.7,3.147730383127484,144.4,1.0
2.9107303129220616,5640.0,2089.8,0.3369912747993019,3.4401339446935975,11.974428488510508,143,125.2,3.267592150053178,145.6,1.0
2.912343467313369,5644.0,2090.2799999999997,0.351535902438115,1.45183895217646,14.425477708110702,144,124.5,3.029206290470664,146.1,1.0
2.9144187181348142,5646.0,2090.96,0.3548172628505399,3.735451478601682,14.684720751280125,143,123.9,2.9897065764467734,146.1,1.0
2.916435339595545,5650.0,2091.6800000000003,0.35259828384314523,1.8149593146576841,15.946912217928988,142,123.5,3.4115562182458974,145.6,1.0
2.9183512382778893,5654.0,2092.44,0.3601153467758672,1.7243088141098222,16.136996355934954,139,123.4,3.001379422967614,144.8,1.0
2.920419042696882,5655.0,2093.2,0.3713335677910226,7.444095908373686,15.268547706269914,139,123.5,2.896935504938568,143.6,1.0
2.9220089057327976,5658.0,2093.92,0.39999686368037973,1.907835643099026,17.655116991390308,139,123.6,2.8403675648620648,142.0,4.0
2.923633862430895,5660.0,2094.56,0.4315603868722183,2.9249220565752143,18.276334762278317,139,123.9,2.7504007561467447,139.9,4.0
2.9252466851921066,5663.0,2095.16,0.4463038151323263,1.9353873134538682,17.317905396699267,140,124.3,1.5439993450164855,137.7,4.0
2.92714899587981,5667.0,2095.8399999999997,0.46914233826857804,1.7120796189330036,17.859192906375934,140,124.8,1.644746114458742,135.4,3.0
2.9290205500781847,5668.0,2096.72,0.492232468915114,6.737595114148275,21.51636233010574,141,125.2,1.4157108349416077,132.9,3.0
2.93086684620754,5672.0,2097.6800000000003,0.5182874246881543,1.661666516419632,20.203131998675385,142,125.9,2.129298500897161,130.7,3.0
2.9322236615210104,5676.0,2098.5600000000004,0.5462804028430271,1.221133782123415,20.130951632920294,142,126.5,2.212915630594951,128.7,0.0
2.9337217258789425,5679.0,2099.6,0.5787701286181014,1.7976772295187398,19.210174849419957,142,127.1,1.8711243297667373,126.9,0.0
2.935253695029165,5680.0,2100.6400000000003,0.6131057285728582,5.5150889408014745,18.685659645832153,141,127.8,1.856252957532451,125.4,0.0
2.936522450258724,5682.0,2101.6400000000003,0.6294360258054505,2.28375941320585,20.5195939099851,139,128.4,2.008188643851572,124.2,0.0
2.9379667368495332,5686.0,2102.6000000000004,0.626455744586995,1.2998579317283059,18.201254158880708,137,129.1,2.0921425917797083,123.6,0.0
2.9393348850720424,5690.0,2103.52,0.6076934365582234,1.2313334002584047,18.790526055780674,139,130.0,2.0490147127540195,123.2,0.0
2.9404343969228113,5694.0,2104.44,0.5974579580003632,0.9895606656919302,18.27006682627979,142,131.1,2.021242564851124,122.9,0.0
2.941476097807459,5695.0,2105.16,0.5694795090765444,3.7501231847306573,18.13641901514316,141,132.1,2.3593297635655377,122.6,0.0
2.943272703644109,5698.0,2105.76,0.5543931114671758,2.155927003980392,13.930952443988385,141,133.0,2.3533838680079167,122.5,0.0
2.944589861970325,5700.0,2106.24,0.5324063268142768,2.3708849871883633,12.654973756055046,140,134.1,1.6935682972340167,122.4,0.0
2.9457462908060728,5707.0,2106.7599999999998,0.5157413963240673,0.5947348298130385,12.43516203767912,141,135.0,1.8324342332817465,122.4,0.0
2.9466556382189006,5709.0,2107.2,0.5012447232091283,1.6368253430898214,13.97279324727587,141,135.7,2.368164731366634,122.5,0.0
2.9474778477922983,5715.0,2107.8,0.47524529095766993,0.4933257440385944,13.599264667628642,143,136.0,2.528852605969591,122.5,0.0
2.9482720648779477,5718.0,2108.3199999999997,0.42541519592965094,0.9530605027793086,12.114765853299815,144,136.3,2.6903002767519077,122.5,0.0
2.949545485919254,5721.0,2108.8,0.3763320396876052,1.5281052495674798,11.45175873097936,146,136.4,2.6919047655593835,122.3,0.0
2.950835364425528,5722.0,2109.2400000000002,0.3693739890092197,4.643562622587898,9.576878571089207,146,136.4,2.882408410256866,122.1,0.0
2.951672453535953,5726.0,2109.56,0.39531293165206405,0.7533801993825961,9.230511580805778,151,136.3,3.123545557796564,121.8,0.0
2.9523522556175084,5727.0,2109.6,0.4325452666985033,2.4472874935986675,7.943282554454937,155,136.4,2.6142213427294267,121.5,0.0
2.9527414085210912,5728.0,2109.6000000000004,0.49095239097066223,1.4009504528978498,7.7277239017737305,158,136.4,2.6133536164351834,121.8,0.0
2.952963798681023,5735.0,2109.8,0.5750786452562413,0.11437208225061385,7.3228815266489375,158,135.9,2.72080082045749,122.5,0.0
2.953359053513278,5743.0,2110.16,0.5737047033677419,0.17786467451479396,7.4756414243349125,157,135.4,2.5870397811318595,123.2,0.0
2.953507867941573,5749.0,2110.4800000000005,0.49441074226944925,0.08928865697691588,5.811356809258596,156,135.0,2.0310309647145086,124.0,0.0
2.953703918080202,5752.0,2110.88,0.44164139894781307,0.23526016635496394,5.66806374770771,156,134.7,2.2084014570492525,124.8,0.0
2.9541727528109463,5757.0,2111.2799999999997,0.42025076634927283,0.3375610061357942,4.075940517515494,153,134.4,2.026917723993554,125.7,0.0
2.9546267291645516,5758.0,2111.4199999999996,0.40865235934694655,1.6343148729792016,3.0017331952487654,150,134.2,2.038139109227481,126.7,0.0
2.9550742460790103,5759.0,2111.34,0.37240569818232333,1.6110608920515797,3.1645680740549382,146,133.8,1.987978341412401,127.5,0.0
2.9552503626501974,5760.0,2111.3,0.32400679537333865,0.6340196562734225,3.258360406619122,146,133.2,1.8325460435369945,128.1,0.0
2.9553839997362195,5765.0,2111.22,0.27138734098359996,0.09621870193587924,3.6279468180022834,150,132.6,1.764612668003221,128.6,0.0
2.9555800498672893,5769.0,2111.1400000000003,0.19320705878198186,0.17644511796303167,3.80063850666493,149,131.9,2.031628813076214,128.6,0.0
2.95595445549317,5770.0,2111.12,0.09576493400042678,1.3478602531708586,4.858861348375563,146,131.5,1.881023755725971,128.3,0.0
2.9570852978407562,5773.0,2111.3599999999997,0.08344274208103908,1.3570108171035884,4.786972774749797,143,131.5,2.1971788410878546,127.9,0.0
2.958651531528979,5776.0,2111.64,0.13459036965639043,1.8794804258676292,5.437883045184775,140,131.4,2.166755441862615,127.3,0.0
2.9606014170198347,5782.0,2112.12,0.17625677470526102,1.1699312945131963,5.724684188142893,139,131.3,2.160920030249501,126.8,0.0
2.962675040338565,5784.0,2112.68,0.2208112006635173,3.732521973714432,8.338224016503208,141,131.2,2.8055074684802737,126.4,0.0
2.9653172000127723,5788.0,2113.3599999999997,0.2622259763980363,2.377943706786886,8.915415107426488,144,131.2,2.764856900478795,125.9,0.0
2.9673162055410973,5790.0,2113.84,0.2875302024913573,3.598209950985006,9.042937249038845,147,131.6,2.71249289250438,125.7,0.0
2.9695289138292833,5796.0,2114.4800000000005,0.2990738402141793,1.327624972911622,9.385992689518968,146,132.2,2.7508563883527914,125.6,0.0
2.9716181748147377,5797.0,2115.0800000000004,0.3030500339869918,7.5213395476356135,11.61077330631254,145,132.6,3.0269648786686214,125.6,0.0
2.973959830535297,5803.0,2115.68,0.30140583377791663,1.4049934323357802,11.779672366565,148,133.2,2.6652841172586696,125.6,0.0
2.975628480757686,5810.0,2116.12,0.3012412563901453,0.8581629715143537,12.619316410443883,147,134.1,2.6551815960081244,125.6,0.0
2.977776021502034,5816.0,2116.7200000000003,0.3045375829595307,1.2885244466087316,12.250906645607863,149,135.1,2.5726161477517464,125.8,0.0
2.9793402526655193,5817.0,2117.16,0.31848414791282353,5.631232188547937,11.551716422627157,149,136.4,2.741592051459623,126.2,0.0
2.980724591823148,5822.0,2117.6400000000003,0.33944554344682754,0.9967241934927684,13.057574710282623,148,137.7,2.4072025248212467,126.7,0.0
2.98184555151482,5823.0,2118.12,0.35212925800073125,4.03545489001807,11.404653862278462,148,139.1,1.7841022343620303,127.5,0.0
2.982967613669689,5827.0,2118.6400000000003,0.3788168507610272,1.0098559393823436,11.719507585260274,144,140.4,1.6768019609283733,128.4,0.0
2.983704550169644,5829.0,2119.12,0.4189402131424373,1.326485699918646,12.611870554968716,140,141.7,1.573556986400139,129.3,3.0
2.984541742352426,5830.0,2119.7200000000003,0.4464336250974214,3.013891858015329,12.918287525978855,140,143.0,1.419666429961084,130.4,3.0
2.9855998892369775,5833.0,2120.2,0.48431090496029955,1.2697762614620074,14.78853000301462,139,144.4,1.063367888860535,131.5,3.0
2.986865136675254,5837.0,2120.84,0.5174287171017008,1.1387226944487627,14.75213793838096,138,145.6,1.0008662149606795,132.8,3.0
2.988146666080968,5840.0,2121.5199999999995,0.5246024251860654,1.5378352868565675,13.020020197149332,137,146.1,0.9523126131030548,134.2,3.0
2.989338245313694,5844.0,2122.16,0.51954250411488,1.0724213094531976,13.087811161638063,136,146.1,0.6939942313476365,135.4,3.0
2.9908551795148544,5845.0,2122.84,0.5083367302730998,5.460963124178025,12.443502198981571,137,145.6,0.4767757525133624,136.7,4.0
2.992051231285137,5852.0,2123.5199999999995,0.47304719960519126,0.6151123390024197,10.960755416793816,138,144.8,0.471832339817393,137.7,4.0
2.9926263200851473,5856.0,2123.96,0.4650808754157875,0.5175799200095713,10.904935379961234,140,143.6,0.2799283874926875,138.1,4.0
2.9933763264910316,5859.0,2124.36,0.453381509420956,0.9000076870609304,11.057689886259316,141,142.0,0.2693154969734058,138.1,4.0
2.9942104349244065,5869.0,2124.6800000000003,0.43840793619095086,0.30027903601499883,10.531045867870931,139,139.9,0.2973073939511064,137.9,4.0
2.9949887405194073,5872.0,2124.88,0.4287186264501587,0.9339667140011312,10.043063110400189,136,137.7,0.3025957057562146,137.6,4.0
2.9962012101473885,5875.0,2125.2799999999997,0.42375848502122915,1.4549635535775294,6.565539840068777,134,135.4,0.3027318098688377,137.3,4.0
2.998217941890366,5879.0,2125.8,0.40082624402668604,1.8150585686798544,6.707808443212466,133,132.9,0.30506595912379,136.8,4.0
2.999938057789632,5884.0,2126.3599999999997,0.4014008274244321,1.2384834474715847,6.748651387400111,130,130.7,0.3150977543257279,136.2,4.0
3.0013838252298677,5892.0,2126.96,0.40850285553695287,0.6505953481060551,8.061629357849347,130,128.7,0.2239468805881467,135.7,3.0
3.0027180331949292,5895.0,2127.68,0.43028358145259593,1.6010495580736164,8.634084028844915,131,126.9,0.1824891875576284,135.1,3.0
3.0036571836260473,5899.0,2128.2,0.45716051145915293,0.8452353880061916,9.612631531904968,130,125.4,0.2160313687672678,134.7,3.0
3.0042683185398382,5903.0,2128.7200000000003,0.4774559728104702,0.5500214224119729,9.278549335459575,131,124.2,0.4036329914610277,134.4,3.0
3.0049598658636865,5904.0,2129.2,0.4832533598560194,2.489570365853161,8.92146780094158,132,123.6,0.4415510638295816,134.4,3.0
3.006257521429695,5909.0,2129.7200000000003,0.5008856457518556,0.9343120075263857,9.179301056986013,133,123.2,0.4233584393744091,134.5,3.0
3.007323225074377,5911.0,2130.16,0.5058975707746447,1.9182665604267168,10.141205246614694,134,122.9,0.4372728064585912,134.6,3.0
3.008558963688336,5917.0,2130.68,0.49714395307672515,0.7414431683755128,9.663880896622878,135,122.6,0.4605234695348073,134.7,3.0
3.009555914632673,5921.0,2131.16,0.4985672805995627,0.8972558499030558,11.33518456335393,136,122.5,0.5282450885268308,134.8,3.0
3.010567837938047,5924.0,2131.8,0.5025088510250351,1.214307966448621,13.353151138854136,138,122.4,0.7651854977897214,134.9,3.0
3.0115032969133386,5926.0,2132.3599999999997,0.49285413102101455,1.683826155525206,13.769049225268816,139,122.4,0.916824537625591,135.1,3.0
3.0123451382086412,5930.0,2132.84,0.47717029367492936,0.7576571657723913,14.202769982930615,147,122.5,1.1903486317001684,135.2,3.0
3.0131429779739167,5931.0,2133.24,0.48670707251022083,2.8722231549917967,15.067828152723042,152,122.5,1.2470846471957344,135.3,3.0
3.0140045291457014,5932.0,2133.6400000000003,0.4841802492435906,3.1015842184249736,16.699233176560863,155,122.5,1.124322252624648,135.5,3.0
3.014817360843183,5933.0,2133.9199999999996,0.4925165714586763,2.9261941109349165,16.610133534281147,159,122.3,1.5682269812622889,136.0,4.0
3.0156670961082264,5935.0,2134.2,0.48568599132605145,1.5295234770779653,18.200489436026835,162,122.1,1.7428175715040854,137.1,4.0
3.0165014199374935,5936.0,2134.6400000000003,0.49572065702008156,3.0035657853614453,17.441127444322873,162,121.8,1.8174968552616613,138.5,4.0
3.017250758261385,5937.0,2135.0800000000004,0.5067580410316156,2.6976179660093766,18.486464096353973,163,121.5,2.209205273600208,140.0,4.0
3.01812361257929,5941.0,2135.6,0.5305451796593242,0.7855688861146204,17.278032525665065,164,121.8,2.2387747860246745,141.6,4.0
3.01899260745864,5942.0,2136.1200000000003,0.5285852514879769,3.1283815656611242,15.484941637513344,164,122.5,2.1031193395054357,143.1,1.0
3.019802473223909,5946.0,2136.7200000000003,0.5355518825014649,0.7288791887418736,14.490827025152791,164,123.2,2.118259430604371,144.5,1.0
3.0208909286791745,5948.0,2137.2799999999997,0.5469064191688533,1.9592198194786057,13.623213140331737,164,124.0,1.9201157910338664,145.9,1.0
3.021965763124107,5951.0,2137.88,0.5268566488285227,1.2898013339187282,11.343905585306835,164,124.8,1.815855347506712,147.3,1.0
3.022832540537855,5955.0,2138.2799999999997,0.5061183682662553,0.7800996723734542,9.339070720642098,164,125.7,1.7593193157289662,148.2,1.0
3.023793453400265,5957.0,2138.6400000000003,0.4871704226293477,1.7296431523372926,10.291308613244137,164,126.7,1.3563312244904702,148.7,1.0
3.024692184470142,5964.0,2139.04,0.4658669776373861,0.46220455022266727,7.997404602367588,163,127.5,1.220419534865711,148.5,1.0
3.0254076339635327,5973.0,2139.32,0.4127644145206514,0.28617979735625754,7.817212828693852,163,128.1,1.1936238017779772,148.0,1.0
3.026329187072331,5981.0,2139.56,0.3807938709906886,0.4146988989591345,6.588534897097789,161,128.6,0.8316930978495238,147.3,1.0
3.0272036252659715,5982.0,2139.84,0.34292185943203435,3.1479774971060808,5.719824209922769,161,128.6,0.8676832493386728,146.5,1.0
3.0279632553832556,5987.0,2140.08,0.3735851660195311,0.546933684444611,5.195329998877994,158,128.3,0.8870915635064831,145.9,1.0
3.028295676118854,5989.0,2140.16,0.4530973728150178,0.598357324077432,5.015487009234877,158,127.9,0.8169374809927252,145.3,1.0
3.028696046046053,5992.0,2140.3199999999997,0.5458081141408959,0.48044391263815067,4.8212944688636075,154,127.3,0.7962360626101094,144.8,1.0
3.028967450684596,5996.0,2140.48,0.6710419470638121,0.2442641746889769,5.868691052574592,151,126.8,1.0389216801438628,144.3,1.0
3.0292155247114523,6002.0,2140.88,0.7969343366859462,0.14884441611375696,8.175401857376306,149,126.4,1.0569429057839566,144.2,1.0
3.029615163218121,6003.0,2141.48,0.864401164499008,1.438698624007216,7.402964978620188,149,125.9,1.2571734771512495,143.9,1.0
3.030011561450835,6011.0,2142.16,0.8751092322468754,0.17837920472148167,8.110091760470059,148,125.7,1.3150130692661368,143.7,1.0
3.0308319729493376,6013.0,2143.04,0.8836396448499283,1.4767406973047184,10.503281672609457,148,125.6,1.7267715369787404,143.5,1.0
3.031682234309565,6014.0,2144.12,0.842310905366551,3.06094089681964,10.802479040084233,146,125.6,1.8280895477497487,143.5,1.0
3.032238883465974,6016.0,2145.04,0.7993803486789122,1.0019684815362204,11.83673178753008,146,125.6,1.8252093441598265,143.5,1.0
3.0329158918435826,6018.0,2145.5600000000004,0.7144797436876573,1.2186150796955093,12.335177493460666,144,125.6,2.0905620404141705,143.3,1.0
3.0338582068844238,6019.0,2145.84,0.600078369833401,3.3923341470276145,11.474990863274124,144,125.8,2.0791947940436057,143.0,1.0
3.035590772966894,6026.0,2145.68,0.4829286774489079,0.8910339852704087,11.518253804640365,144,126.2,2.129581394726968,142.5,1.0
3.037528999951288,6029.0,2145.48,0.35719656044732156,2.325872381272815,11.630917080440948,144,126.7,1.9536430500083937,141.9,4.0
3.039979779417391,6034.0,2145.32,0.229341055103155,1.7645612155940251,10.017506695218877,144,127.5,2.054525932356176,141.0,4.0
3.042186957141127,6040.0,2145.4,0.1495837759908422,1.3243066342414802,10.288667813723176,142,128.4,2.0986884827728844,140.1,4.0
3.0442337469747667,6049.0,2145.7599999999998,0.13331782500334025,0.8187159334560082,10.217482918392546,141,129.3,2.27556645683178,139.2,4.0
3.0457197100185067,6050.0,2146.3599999999997,0.1473382152610018,5.349466957464475,8.90310926157778,141,130.4,1.8662579726326691,138.1,4.0
3.047404252041266,6052.0,2146.88,0.1932856275133737,3.032175640966579,8.939798722051629,138,131.5,1.9516288590255757,136.9,4.0
3.049051417648268,6054.0,2147.36,0.24445640001640817,2.9648980926038946,8.452802936344044,137,132.8,1.905632692429317,135.7,3.0
3.050781084512272,6057.0,2147.88,0.3043967900183094,2.0756002368049216,9.741889248961641,137,134.2,1.7192980029339402,134.4,3.0
3.052337226387412,6059.0,2148.44,0.36041229523017976,2.801055375252038,10.81126015336724,136,135.4,1.6561724826577513,133.1,3.0
3.053655146551756,6063.0,2148.96,0.40860690523837884,1.186128147909555,11.818723688077046,140,136.7,1.5618028247711933,131.8,3.0
3.0548575774715068,6067.0,2149.5199999999995,0.44511281079332965,1.0821878277755643,11.813953763549872,141,137.7,1.5089483007324591,130.5,3.0
3.0562084363726862,6069.0,2150.2400000000002,0.48376615937356326,2.4315460221229426,12.193597416989304,141,138.1,1.3672367356055672,129.4,3.0
3.0576171550863327,6072.0,2151.0800000000004,0.512041557756432,1.6904624563755721,14.082526067400973,141,138.1,1.068990577235774,128.6,0.0
3.0592204679229327,6076.0,2151.96,0.5232144250765642,1.4429815529399832,13.922568538877195,142,137.9,1.0508471166089488,127.9,0.0
3.0605592977490663,6079.0,2152.8,0.5360272450884707,1.6065957913602702,14.986800092589803,142,137.6,1.0686993016543118,127.2,0.0
3.0618726647174856,6082.0,2153.6,0.5600904512681667,1.576040362103061,17.249287919550884,143,137.3,0.9664220455273153,126.2,0.0
3.062873149591535,6083.0,2154.2400000000002,0.5844540022890693,3.601745546577255,17.077508816194026,143,136.8,1.1281359151168635,125.2,0.0
3.0636568358464746,6086.0,2154.7200000000003,0.6201453972923738,0.9404235059276038,18.230776163362115,147,136.2,1.0572937364279895,124.4,0.0
3.064515523485446,6087.0,2155.24,0.6479548128796144,3.091275500297168,18.1586842699462,147,135.7,1.2882833975129755,123.7,0.0
3.065517667640979,6088.0,2155.8,0.6417495587451422,3.60771895991927,17.502161670791875,148,135.1,1.499134623410154,123.1,0.0
3.066291190673293,6092.0,2156.36,0.6356772723470341,0.6961707290821285,18.63881165775882,149,134.7,1.5817397022703763,124.1,0.0
3.0673157031417264,6093.0,2157.12,0.6286609658600439,3.6882448863605126,18.515101835984577,150,134.4,1.96654709971942,126.7,0.0
3.068206645488332,6095.0,2157.92,0.6152392241209562,1.603696223890637,16.37345570559426,151,134.4,2.03472805796472,129.3,3.0
3.068750665044668,6098.0,2158.52,0.6221267060946849,0.652823467603051,17.69816531786791,152,134.5,1.984684875955787,131.5,3.0
3.0695769459951765,6099.0,2159.16,0.626326131765975,2.974611421830494,16.50316745756187,153,134.6,2.160081920360937,133.8,3.0
3.070766237118077,6102.0,2159.8,0.625182778386603,1.427149347480832,14.921140117759847,156,134.7,2.1249858284894128,136.4,4.0
3.0719041997085483,6106.0,2160.2799999999997,0.6295818346782291,1.0241663314241714,18.7140601074504,157,134.8,2.018901423409584,138.8,4.0
3.0733124099238576,6108.0,2160.84,0.6091717198018711,2.5347783875567957,16.338835129575394,157,134.9,2.0873291945655383,140.9,4.0
3.07468993930654,6111.0,2161.4399999999996,0.5791377415711114,1.653035259218733,15.731628440633608,157,135.1,2.387692580359804,142.7,1.0
3.0761096636443575,6114.0,2162.12,0.5834009359010272,1.7036692053809577,16.52817339013374,159,135.2,2.319735168072796,144.4,1.0
3.0775710918055053,6115.0,2162.9199999999996,0.5729428775603063,5.261141380131385,14.767489447082095,161,135.3,2.368327437601746,144.3,1.0
3.0784928048484215,6119.0,2163.68,0.5381478204299576,0.8295417386246858,14.111417758257687,163,135.5,2.253017196497316,142.4,1.0
3.0794626852102667,6123.0,2164.32,0.5012077672571609,0.8728923256607157,13.945657131591286,161,136.0,2.255727614235765,140.4,4.0
3.0805526890036243,6125.0,2164.96,0.4401055811336372,1.9620068280436858,11.861251776516783,160,137.1,2.186129104840644,138.9,4.0
3.081607110778686,6128.0,2165.4,0.37565514196416117,1.2653061300741348,10.526863353318163,163,138.5,2.3729409919753217,137.6,4.0
3.08245048100689,6131.0,2165.6000000000004,0.35175010827270187,1.0120442738443625,9.41608332801854,165,140.0,2.70105406356478,136.2,4.0
3.082835159268091,6132.0,2165.6400000000003,0.3329124742489973,1.3848417403227091,5.879841831968057,165,141.6,2.8022829164950727,134.7,3.0
3.082950460990438,6142.0,2165.5600000000004,0.3510168309289545,0.041508620044929306,5.59158052390035,165,143.1,2.82059026876042,133.2,3.0
3.0830797103738075,6149.0,2165.48,0.39096243750102344,0.06647111144709535,5.950624757035632,163,144.5,2.3820470206779456,131.9,3.0
3.083913650472118,6155.0,2165.7200000000003,0.40282831779890965,0.500364058986297,5.382968124050681,160,145.9,2.3639042817958846,130.8,3.0
3.0846967566364443,6157.0,2166.04,0.39356201315393785,1.4095910957872395,5.3195063834608565,160,147.3,2.6451718562509403,129.8,3.0
3.085765695976356,6163.0,2166.6,0.4115279726437433,0.6413636039471458,5.159111833194094,159,148.2,2.431515241017135,129.2,3.0
3.086640326208628,6165.0,2167.32,0.4430416789762723,1.574334418090281,5.430907828491341,158,148.7,2.3947969667424287,128.7,0.0
3.087671772996867,6169.0,2168.0,0.5030648366577652,0.9283021094146108,7.642461661564146,158,148.5,2.396122957259688,128.1,0.0
3.0883210730133874,6172.0,2168.44,0.5722368262661984,0.7791600198248155,9.23012692895064,157,148.0,2.0031675148821,127.2,0.0
3.089185361104917,6179.0,2168.9199999999996,0.6002330722214533,0.44449101850093786,10.162513750755473,158,147.3,1.6980437191838995,126.4,0.0
3.090145182146242,6182.0,2169.3599999999997,0.6187819138399833,1.151785249589771,9.934432770249218,158,146.5,1.8487252815880024,125.7,0.0
3.091638408812079,6184.0,2169.96,0.6087799965808715,2.68780799850706,11.712272862218416,158,145.9,1.7407744139900756,125.3,0.0
3.0932699644163026,6187.0,2170.6800000000003,0.570583621818741,1.9578667250684423,12.188973990990881,157,145.3,2.126362184710086,124.9,0.0
3.0949243688393855,6191.0,2171.44,0.548922640995715,1.4889639807746173,12.82239385546051,155,144.8,2.100970724412272,124.4,0.0
3.096547900571756,6199.0,2172.28,0.5579585835365753,0.7305892795666366,14.616345953227533,155,144.3,1.8213005391505943,124.2,0.0
3.098004747788366,6201.0,2173.2,0.5529968208098045,2.622324989897731,14.524936646135505,155,144.2,2.0216598040670664,124.0,0.0
3.0990485000395007,6203.0,2173.96,0.5459498132171976,1.8787540520428405,13.733573945640913,155,143.9,2.030312958944178,123.8,0.0
3.099987752754764,6205.0,2174.6400000000003,0.5086467742419591,1.690654887473438,12.265583987924984,156,143.7,2.364442375981045,123.8,0.0
3.10100784182202,6206.0,2175.2000000000003,0.4316620195750193,3.6723206421226116,10.658111762399802,155,143.5,2.796190649677248,124.2,0.0
3.1017627223451165,6211.0,2175.56,0.34389446054543826,0.5435139766294932,9.434513651404163,157,143.5,2.7747449966190145,124.9,0.0
3.102749138037058,6219.0,2175.8,0.24512900509093744,0.44388706137363193,8.839384505965453,160,143.5,3.008397497400784,125.9,0.0
3.1036507675808247,6220.0,2175.88,0.13493092942287596,3.245866357560909,6.706979213614707,160,143.3,3.043281380672041,127.1,0.0
3.1039949640686006,6230.0,2175.76,0.061687220814204344,0.12391073559937357,5.210012214568392,158,143.0,2.762712558217238,128.4,0.0
3.1042430386556386,6238.0,2175.6,0.025548540843568578,0.11163356416698081,3.942073596059442,157,142.5,2.964933030905223,129.6,3.0
3.104526568265101,6248.0,2175.4,0.020107469436931803,0.10207065940654851,2.015220696683138,154,141.9,3.153873111332703,130.6,3.0
3.104830472886952,6251.0,2175.16,0.03219160046143741,0.3646855462209328,2.237555938785809,152,141.0,3.0713158557800417,131.4,3.0
3.105378118634825,6256.0,2175.0800000000004,0.06849654999598165,0.39430493846843045,2.495362237483097,147,140.1,3.207216058251652,132.1,3.0
3.1061276399360165,6260.0,2175.2,0.10613247219144513,0.6745691710724365,3.03800559097803,144,139.2,3.236593315467517,132.6,3.0
3.107151339844474,6262.0,2175.48,0.17113593832496973,1.8426598352233923,3.252811354161923,143,138.1,2.955062383109466,133.2,3.0
3.1082403193052874,6265.0,2175.8,0.25247847417199715,1.306775352976403,4.6038927342192135,140,136.9,3.055503846102187,133.6,3.0
3.108929044575046,6268.0,2176.2400000000002,0.3445653480124309,0.8264703237106366,4.821175473496456,139,135.7,3.5355454601441894,134.0,3.0
3.1095130949589276,6269.0,2176.6,0.40984320400758084,2.102581381973903,5.0744152632612,140,134.4,3.576266811906712,134.2,3.0
3.1099812747656443,6274.0,2176.96,0.44564829281047424,0.33708946083591956,6.358509899334505,143,133.1,4.090317560596672,134.4,3.0
3.1105526529038787,6275.0,2177.4,0.4309905226525229,2.056961297642993,6.519007174600697,143,131.8,4.035821449751333,134.8,3.0
3.111154555647607,6280.0,2177.8399999999997,0.35522803174963624,0.43336997548426326,6.1737755564622585,144,130.5,3.86498251949797,135.3,3.0
3.1121243762432163,6285.0,2178.04,0.28688554477791417,0.6982708288387937,5.74440782192601,143,129.4,3.856930593061853,136.1,4.0
3.11319656088056,6286.0,2178.2,0.22679361564504838,3.8598646944376536,5.359910028944688,144,128.6,4.158222302310164,137.1,4.0
3.1140866258194886,6289.0,2178.2400000000002,0.17042264220464234,1.0680779267142368,4.062560313269698,147,127.9,3.742836020671244,138.1,4.0
3.114542306616529,6291.0,2178.04,0.10932455021782221,0.820225434673195,3.8386497264008446,150,127.2,3.737644627705012,139.0,4.0
3.1153257141321444,6296.0,2177.9199999999996,0.03038700216152762,0.5640534112430022,2.4850792249474924,151,126.2,3.708383679245982,139.7,4.0
3.115928197481896,6299.0,2177.96,-0.07551411503388021,0.7229800197018668,2.2583234574183617,149,125.2,2.7092010722881525,140.3,4.0
3.1163955072067666,6305.0,2177.92,-0.16009942662786975,0.28038583492227326,1.9647487619207857,148,124.4,2.6005193214520417,140.8,4.0
3.1168804176169793,6313.0,2177.84,-0.21123901123871325,0.21820968459572324,0.6398339443512072,147,123.7,2.192537609740996,141.0,4.0
3.117360687350471,6321.0,2177.7200000000003,-0.22487232110465785,0.21612138007121898,0.3664419999996137,148,123.1,1.9428764510629528,141.0,4.0
3.1175105917748214,6330.0,2177.44,-0.1860292604916978,0.05996176974025239,0.2613777957760554,148,124.1,1.7563474140914537,140.8,4.0
3.117826699531438,6337.0,2177.04,-0.15383407996412593,0.1625697034028419,0.3416515529948591,147,126.7,1.5929857177355942,140.3,4.0
3.1185110758211194,6341.0,2176.8,-0.1424069657152355,0.6159386607132828,0.47350823699629474,145,129.3,1.1674988230587366,139.6,4.0
3.1191597371855946,6345.0,2176.72,-0.11701697456692521,0.583795228027712,1.2546638209905236,144,131.5,1.1084969344652178,138.8,4.0
3.120580825490153,6349.0,2176.8399999999997,-0.08469649234390855,1.2789794741026361,2.0039171616362546,141,133.8,1.0534685495669622,137.7,4.0
3.1224231687907906,6352.0,2177.04,-0.0464309022907012,2.2108119607652035,2.548984577051759,138,136.4,0.9031914526848054,136.7,4.0
3.1244148578342803,6357.0,2177.3199999999997,0.023009460567266948,1.4340161113126162,3.2279309782120045,136,138.8,0.8433511562397538,135.5,3.0
3.126623862740988,6359.0,2177.6400000000003,0.10283956330700852,3.9762088320733415,4.107883480445746,136,140.9,0.7879124074452566,134.1,3.0
3.129058272495353,6362.0,2177.96,0.15529510555282874,2.921291705238137,4.640429921962605,133,142.7,0.4791933730417558,133.0,3.0
3.1310885147548673,6366.0,2178.2400000000002,0.1914436098458426,1.8272180335626564,6.879710799541345,132,144.4,0.8768105944908712,131.9,3.0
3.133311638819781,6370.0,2178.68,0.22001426949052175,2.000811658422195,7.273471557773833,133,144.3,1.0527971089369386,131.4,3.0
3.135241375097896,6373.0,2179.12,0.2523403542449033,2.315683533737847,8.311103616738936,135,142.4,1.4176476727504776,131.4,3.0
3.137043141534004,6378.0,2179.56,0.2863541532293093,1.2972718339976659,8.851853370798626,136,140.4,2.191896120596861,131.8,3.0
3.1383227683890174,6379.0,2180.04,0.3305545143842483,4.606656678047824,8.678669098485493,137,138.9,2.307474076380752,132.2,3.0
3.1396520760631317,6385.0,2180.6400000000003,0.3830107684620615,0.7975846044685158,10.756192918617577,138,137.6,2.254338068310721,132.8,3.0
3.1411690120494424,6388.0,2181.32,0.425869762045898,1.8203231835730094,10.908681592382976,139,136.2,2.346832949219942,133.1,3.0
3.1426148257119726,6393.0,2182.0,0.4406133487860136,1.0409858370215652,10.663042359435249,140,134.7,2.660368551089322,133.3,3.0
3.1435687610149823,6397.0,2182.7599999999998,0.457226975244831,0.8585417727087747,10.03170658688074,141,133.2,2.770618796163806,133.5,3.0
3.1446732643203643,6398.0,2183.52,0.4542013156787408,3.976211899374665,9.80755031020542,142,131.9,2.7480867589615245,133.6,3.0
3.1455889845033767,6401.0,2184.0800000000004,0.42173424422558875,1.0988642196147222,7.627858297701266,143,130.8,2.3479333541147165,133.8,3.0
3.146455762831238,6405.0,2184.4,0.37370197670288385,0.7801004950752595,7.185662792692364,146,129.8,2.2279686757333943,133.9,3.0
3.147386671013547,6411.0,2184.6800000000003,0.3061558778384766,0.5585449093852454,6.0040717737232665,149,129.2,2.013090775538579,133.6,3.0
3.147943321077877,6413.0,2184.8,0.21251603431610908,1.0019701157942356,5.294946714084169,151,128.7,1.368964917129579,132.9,3.0
3.148066904651702,6414.0,2184.78,0.092387931972825,0.44490086577035526,4.677952397623861,160,128.1,1.4999655289822151,132.2,3.0
3.1481143347459266,6415.0,2184.7400000000002,-0.010149517838661392,0.17074833920815796,1.848023258623894,163,127.2,1.613449720921479,131.4,3.0
3.1481540820435274,6416.0,2184.66,-0.08454336100939218,0.1430902713633463,1.1593143049508143,163,126.4,1.6841839243938783,131.2,3.0
3.1482885289724494,6424.0,2184.5,-0.12235832412914807,0.060501118014927704,0.7840039274574799,162,125.7,1.5132724248697424,131.4,3.0
3.1483997240524153,6434.0,2184.2599999999998,-0.14079828850431905,0.04003022878771484,1.1518436631480395,160,125.3,1.5830745690122223,131.8,3.0
3.1488366108624186,6443.0,2184.08,-0.12125940063804008,0.17475472400140135,1.5644102850714,157,124.9,1.8076679091277632,132.3,3.0
3.1494628764640233,6449.0,2183.96,-0.0776352801700854,0.3757593609627214,1.7164725282140672,157,124.4,2.163257265282424,132.5,3.0
3.1502738591894,6453.0,2183.96,-0.0234665869466064,0.7298844528389237,2.152135837155117,151,124.2,2.3546078013093,131.9,3.0
3.1515567812969607,6454.0,2184.2,0.040333636758197386,4.618519587219076,3.9999984891561993,147,124.0,2.435089057161961,131.0,3.0
3.153428813411023,6456.0,2184.7200000000003,0.12208285378954042,3.369657805312009,4.70920780219092,145,123.8,3.402571937870362,130.0,3.0
3.1551576857119192,6465.0,2185.2799999999997,0.2200537603643943,0.6915489203586134,5.728729706442064,145,123.8,3.387512364620362,129.0,3.0
3.157178527828613,6472.0,2185.96,0.29066284367375383,1.0392902314424086,6.680455171210285,146,124.2,3.709256234273501,128.0,0.0
3.159241820460434,6474.0,2186.6400000000003,0.3360644718409971,3.7139267372780216,6.999874240678009,149,124.9,3.791829096948902,126.8,0.0
3.1610683658830743,6479.0,2187.2799999999997,0.3629757594161681,1.3151127043010569,7.255310589759572,151,125.9,4.720498851501926,125.6,0.0
3.1625826270634256,6482.0,2187.92,0.37571622886855577,1.817113416421441,7.204997487295907,151,127.1,4.719871649946141,124.5,0.0
3.164096578701901,6485.0,2188.48,0.35451805592989033,1.8167419661700825,6.617707869269152,151,128.4,4.982992977144695,123.4,0.0
3.165222164525391,6491.0,2188.88,0.3380314332579204,0.6753514940941807,6.6418887831273565,152,129.6,4.837622173889881,122.9,0.0
3.1663366981490046,6497.0,2189.2400000000002,0.3175849680424484,0.6687201741682638,7.8680540470523965,154,130.6,4.913811105171101,123.0,0.0
3.1673911256241247,6500.0,2189.68,0.3034881064638698,1.2653129701439692,6.303433493127756,155,131.4,4.927443758575782,123.3,0.0
3.1682454878915314,6508.0,2189.92,0.2714096410510793,0.38446302033290297,5.784759438900879,154,132.1,3.957950493391391,123.5,0.0
3.169203494729234,6513.0,2190.2,0.24772293498997938,0.6897649231459939,4.932033648719836,154,132.6,3.979050785216796,123.7,0.0
3.1705558141808377,6514.0,2190.48,0.22316027278546224,4.868350025772954,4.074243324758216,154,133.2,3.684665429355282,123.7,0.0
3.172037725119868,6520.0,2190.8,0.2091213110703852,0.889146563418189,3.789212268217657,153,133.6,3.796411923468919,124.0,0.0
3.173381790432891,6527.0,2190.88,0.17108242065259377,0.691233589554753,3.5711149372117026,150,134.0,2.988910769966887,124.1,0.0
3.174757844178811,6534.0,2191.04,0.1366964189035725,0.7076847836158259,3.1350114486903773,149,134.2,2.9000080964352346,124.1,0.0
3.17570781509643,6541.0,2191.1600000000003,0.10957191406970754,0.4885564719184544,3.001773293652807,149,134.4,3.0901819638163888,123.9,0.0
3.176236784599347,6547.0,2191.2799999999997,0.07684388120637137,0.3173817017504018,2.75000660425568,146,134.8,3.009713226413626,123.4,0.0
3.176639269519876,6549.0,2191.2,0.04049387791843658,0.7244728569520784,1.076870390348232,139,135.3,3.4044953836739724,122.8,0.0
3.176953774437795,6550.0,2191.2,0.02429484317097349,1.1322177045084743,0.8241403197669568,138,136.1,3.306473401264397,122.3,0.0
3.1773140049904227,6555.0,2191.16,-0.01159947804048842,0.2593659978919533,0.6418671951926356,135,137.1,3.289341195254523,122.4,0.0
3.177514156135493,6560.0,2191.12,-0.07239654449194673,0.14410882445061077,0.48775376859411834,135,138.1,3.2779542459555224,122.4,0.0
3.1777451433770154,6567.0,2191.08,-0.1514867186832581,0.11879343849735818,0.39188925968463534,132,139.0,3.1841496463632115,122.4,0.0
3.1780775649923103,6569.0,2191.12,-0.2529561551820859,0.5983589075311094,0.3629476337093368,131,139.7,3.3158321899534173,122.3,0.0
3.1786217939743913,6588.0,2191.04,-0.3258568303034583,0.10311707028901623,0.2743515503713598,131,140.3,3.295831086956474,122.3,0.0
3.1788686313888443,6597.0,2190.9199999999996,-0.4139256507406531,0.09873496578118432,0.14703232497402707,130,140.8,3.5022197914558006,122.3,0.0
3.1789770093056307,6607.0,2190.7599999999998,-0.48127702302845954,0.03901605004312261,0.1267801453051597,131,141.0,3.0391119790808547,122.6,0.0
3.1793488353062775,6613.0,2190.56,-0.536828037278134,0.22309560038811904,0.12116772474490464,128,141.0,3.548183190688222,122.8,0.0
3.1794832822358874,6619.0,2190.3599999999997,-0.5646105353375678,0.08066815776588455,0.12985468510286582,126,140.8,3.0579592990047124,122.9,0.0
3.1796770055996975,6628.0,2190.16,-0.6022811206597831,0.07748934552400233,0.11022441362652649,124,140.3,3.4217093726041776,123.0,0.0
3.1797434899215204,6636.0,2190.0,-0.5741518512125936,0.029917944820373712,0.164903755918659,125,139.6,3.547809174245394,122.9,0.0
3.179812210248714,6648.0,2189.8399999999997,-0.5300865505215933,0.020616098158112932,0.16270737841922717,127,138.8,3.622623546875912,123.2,0.0
3.1801252944981173,6660.0,2189.7200000000003,-0.4642289697842889,0.09392527482096745,0.16677090109650447,128,137.7,3.6635694683718354,123.7,0.0
3.1803485162666316,6666.0,2189.6400000000003,-0.38557813688404013,0.13393306110855993,0.16116370851672862,126,136.7,4.208848555960343,124.0,0.0
3.1807555553426763,6668.0,2189.6400000000003,-0.30154985892004726,0.7326703368801147,0.22250796775530465,126,135.5,4.042920280461338,124.0,0.0
3.181319555065342,6676.0,2189.6400000000003,-0.2134810384828525,0.2537998751995265,0.4907832112966844,126,134.1,3.830057564425398,124.1,0.0
3.1819756652325597,6686.0,2189.6400000000003,-0.13079683159884697,0.23619966019845723,0.5517591545948786,127,133.0,3.7984580653539495,124.1,0.0
3.182572389907912,6695.0,2189.6,-0.02357561666397969,0.23868987014103693,0.6763967231306347,125,131.9,3.1413026907500097,124.2,0.0
3.182924623286658,6698.0,2189.6,0.07276861933495136,0.42268005449547186,0.7699674284925223,122,131.4,2.926584376838208,124.4,0.0
3.183549273394393,6700.0,2189.6,0.1439790681528597,1.1243701939226431,0.8490312689758568,119,131.4,2.464011649780423,124.6,0.0
3.1840831006779915,6709.0,2189.6400000000003,0.18914234518317857,0.2135309134393363,0.9289321005684616,116,131.8,2.154794362878707,124.7,0.0
3.1845858675096417,6714.0,2189.8399999999997,0.227963646103078,0.36199211878799004,0.9307146611063463,113,132.2,1.8209215690158564,124.4,0.0
3.185155430810255,6721.0,2190.08,0.2383618010154068,0.2929182688868018,1.0046092506156616,113,132.8,1.639674517530633,124.1,0.0
3.1856029477414385,6727.0,2190.2799999999997,0.23642688620885194,0.26851015871004036,1.0550864862249707,113,133.1,0.5771792071408787,123.8,0.0
3.185950865245584,6730.0,2190.4799999999996,0.22575043404962836,0.41750100497478654,1.020805367022613,113,133.3,0.453019593475355,123.9,0.0
3.1860883059002822,6742.0,2190.64,0.2150970462275265,0.04123219640946003,0.7747746289592199,116,133.5,0.3622907814591485,123.8,0.0
3.1862365517137814,6744.0,2190.6800000000003,0.19690583959869318,0.2668424642986043,0.7484468357219706,116,133.6,0.3771008038706819,123.7,0.0
3.1868833735320634,6753.0,2190.6400000000003,0.1647453883697929,0.2587287273127326,0.660448936680395,117,133.8,0.4082961146370172,123.7,0.0
3.1873529999048027,6764.0,2190.6,0.13489679903419524,0.1536959038055572,0.5740398916496433,118,133.9,0.4122914230760454,123.5,0.0
3.1876707220890275,6772.0,2190.5600000000004,0.1188697744481508,0.1429749829011723,0.5081247850311902,121,133.6,0.531245241866943,123.3,0.0
3.1879299370001735,6777.0,2190.52,0.10710618601333152,0.18663473602522296,0.38863776700738717,121,132.9,0.5174621849875789,123.2,0.0
3.188464003132823,6785.0,2190.56,0.06828488509343207,0.240329759692327,0.3969886016275505,121,132.2,0.4986796965119714,123.4,0.0
3.1889019937511907,6795.0,2190.68,0.03375397134693506,0.15767662261228432,0.39142231192577004,121,131.4,0.5117030697680239,123.7,0.0
3.1893576219040107,6801.0,2190.8,0.017338388195028955,0.27337689169212936,0.34597449064787544,122,131.2,0.616268865391391,124.2,0.0
3.189763310237765,6808.0,2190.92,0.02801484035425251,0.20863971450221236,0.4201179294925586,122,131.4,0.6383339475727965,124.7,0.0
3.1901785978297386,6817.0,2190.92,0.03866822817635433,0.16611503678940756,0.4228942016793228,123,131.8,0.7004800565889937,125.6,0.0
3.1907686643964595,6824.0,2190.84,0.15142069875242764,0.30346280574223783,0.45418049863686694,122,132.3,0.5602009707172311,126.8,0.0
3.1908351487133952,6829.0,2190.7599999999998,0.3479232220839501,0.04786870819364376,0.49445721846045976,125,132.5,0.5468285779120328,127.8,0.0
3.1909458477739308,6832.0,2190.7599999999998,0.660048371586061,0.13283887264275612,0.6072034934644369,126,131.9,0.6460342216653748,129.1,3.0
3.191036316000666,6840.0,2190.7599999999998,0.8840271122508312,0.04071070203088999,0.8399420207235252,126,131.0,0.6605386437269188,130.4,3.0
3.1912449330414323,6849.0,2191.0,1.09520356438415,0.08344681630654922,0.8851935780986517,124,130.0,0.7964259436687186,131.7,3.0
3.1914569154387604,6857.0,2191.4800000000005,1.2969418262545152,0.09539207879763956,2.045327497018552,124,129.0,1.0576784505351529,132.8,3.0
3.1916793055986923,6862.0,2192.1600000000003,1.4635809657169228,0.16012091515085936,2.083824713431785,124,128.0,1.0914032660761446,133.9,3.0
3.1919440450699614,6865.0,2192.76,1.601315225046351,0.31768736552305016,2.237340333855568,124,126.8,1.0379777032261894,134.6,3.0
3.1921102571297246,6872.0,2193.4,1.696782718371169,0.0854804878783076,2.347397060027472,125,125.6,1.1603595019262058,135.1,3.0
3.1925055120551327,6873.0,2193.96,1.7810119554256691,1.4229177314691797,2.4202146992559657,126,124.5,1.1612281759589218,135.4,3.0
3.1927769167355664,6880.0,2194.3599999999997,1.7330076880505394,0.13957954993724905,3.067664703394179,128,123.4,1.1244451810364882,135.4,3.0
3.1931941507620736,6887.0,2194.68,1.5770633396235243,0.21457749934649828,3.07450847438308,131,122.9,1.303294575334318,135.4,3.0
3.1935626197864937,6892.0,2195.0,1.2680285460167746,0.26529769758261285,3.200033826304886,132,123.0,1.2528552824556418,135.3,3.0
3.1938121900208345,6899.0,2195.32,1.0478450015606227,0.12835040623247745,3.187348783639606,135,123.3,1.163053734444451,135.4,3.0
3.194051824902949,6900.0,2195.56,0.8421319373805615,0.8626855756123575,3.7123760339438148,137,123.5,1.0642913139424697,135.6,3.0
3.1943396829657673,6910.0,2195.8,0.6796831501757811,0.10362890261458087,2.6832940332614172,137,123.7,0.856859885140859,135.8,4.0
3.1950312318811953,6918.0,2195.96,0.5668408665333756,0.3111970119425616,2.741075154320658,137,123.7,0.8062527483590122,136.1,4.0
3.195743200935437,6926.0,2196.1600000000003,0.4831147742248671,0.3203860744088297,2.729900025730212,137,124.0,0.7557261626808336,136.5,4.0
3.1965337107678278,6929.0,2196.4,0.41318418352073233,0.9486117988691798,2.8541010170714562,138,124.1,0.6162047119018578,137.0,4.0
3.1972733361087364,6938.0,2196.6400000000003,0.34811203391903467,0.2958501363635376,2.790804870474085,139,124.1,0.5410856470571528,137.6,4.0
3.1981881586860643,6947.0,2196.84,0.31931233440883183,0.3659290309311586,2.3027135408143575,138,123.9,0.5590052070828241,138.2,4.0
3.1990487295600487,6955.0,2197.04,0.2886169826935846,0.3872568932930017,2.425797230618826,137,123.4,0.4166312907243939,138.7,4.0
3.199738147338942,6958.0,2197.2400000000002,0.27768636616631226,0.8273013346718707,2.3156572244713858,137,122.8,0.3690765899904261,139.2,4.0
3.1999206962312887,6964.0,2197.4,0.26222872199327046,0.10952933540816089,3.372719355004309,137,122.3,0.2760421910306083,139.6,4.0
3.200793981931876,6969.0,2197.6400000000003,0.23793237799319714,0.6287657044225492,2.9484605591832898,140,122.4,0.8640975802446759,139.8,4.0
3.2016715048747804,6974.0,2197.8399999999997,0.21261525977268575,0.6318165188911891,2.941388381654448,141,122.4,0.956208898024489,140.0,4.0
3.2028630352510477,6983.0,2198.04,0.1970770670159736,0.47661215050696776,2.914634299755445,142,122.4,1.143137272254556,140.0,4.0
3.204095201227446,6984.0,2198.24,0.18389554946618675,4.435797515034188,2.841973549740834,142,122.3,1.2618158372715422,140.1,4.0
3.2059615401137154,6995.0,2198.4,0.17280657278016742,0.6108018173244921,2.96364361722378,142,122.3,1.702365219488713,140.1,4.0
3.207455559063755,7005.0,2198.56,0.1649597159663802,0.5378468220142456,3.128688003500036,142,122.3,2.031557609532518,140.1,4.0
3.2089192364149213,7014.0,2198.7200000000003,0.14788614313711887,0.5854709404665379,3.01390830020489,144,122.6,2.1190733129027186,140.1,4.0
3.209741828454415,7022.0,2198.88,0.15129762172210265,0.370166417772157,2.904873504194585,147,122.8,3.2732535124545867,140.3,4.0
3.210722079354277,7024.0,2199.04,0.15887138818899502,1.7644516197513846,2.8839449155060213,148,122.9,3.4498684502989585,140.7,4.0
3.211371878473084,7027.0,2199.16,0.16132932443934753,0.7797589425684158,1.689815061148261,149,123.0,3.608972831041833,141.0,4.0
3.2121206904671395,7034.0,2199.24,0.1845789434593034,0.38510331122866936,2.0590406607168124,148,122.9,4.273259999203239,141.2,4.0
3.213021572843829,7045.0,2199.4399999999996,0.21934335386950266,0.29483423237116557,2.3005827424308585,149,123.2,4.319445763225295,141.2,4.0
3.2139372891421183,7055.0,2199.6400000000003,0.25546236805600564,0.32965786738409764,2.4644314839074744,149,123.7,4.815284987409574,140.8,4.0
3.2147050644415476,7066.0,2199.7999999999997,0.3050966006621715,0.2512719161768631,3.120900602556558,147,124.0,4.865446534520208,140.6,4.0
3.2155046901923927,7069.0,2200.08,0.3768714578769714,0.9595509010140804,3.270467791765765,148,124.0,4.593883102043916,140.6,4.0
3.216131010687451,7073.0,2200.44,0.44256407422261307,0.5636884455527189,3.692426480923274,143,124.1,5.445995210763665,140.5,4.0
3.216549555543858,7077.0,2200.8,0.49802818394364917,0.37669037076610434,4.104053886186469,142,124.1,5.551206445559054,140.3,4.0
3.2173026976328343,7080.0,2201.24,0.5305574784903488,0.9037705067712335,4.961055641916975,140,124.2,4.638763352869582,140.0,4.0
3.2181262838421683,7084.0,2201.8,0.5632903301589529,0.7412275884006014,6.348599643969697,140,124.4,4.598071844973182,139.4,4.0
3.218758498949349,7087.0,2202.2799999999997,0.590584794895356,0.7586581286171861,6.991914543879936,139,124.6,4.618920907331368,138.7,4.0
3.2192855941300778,7090.0,2202.6800000000003,0.635692278562142,0.6325142168740641,7.279504040830392,140,124.7,3.387263769656545,138.5,4.0
3.219925584310433,7092.0,2203.04,0.6722228911509586,1.1519823246391574,9.398940733429693,143,124.4,3.441451675114789,138.9,4.0
3.2204320922503604,7093.0,2203.44,0.7113062549779554,1.8234285837394248,9.523495707573472,147,124.1,2.9329203127494288,140.0,4.0
3.2209386001976377,7095.0,2203.7599999999998,0.7192075833025827,0.9117143050989457,10.48043470283741,151,123.8,2.8744330809797884,140.8,4.0
3.2217696589723914,7098.0,2204.32,0.7095202785218572,0.9972705297043294,10.834546408603682,152,123.9,2.8363537624112487,141.6,4.0
3.2226078286951525,7099.0,2204.9199999999996,0.698762638207515,3.0174110019396005,10.888959368328901,152,123.8,1.659906934224077,142.3,4.0
3.2233356489538068,7104.0,2205.6,0.7161949873281404,0.5240305862310729,11.188062170079082,154,123.7,1.430211402715077,143.0,1.0
3.2239066197560327,7105.0,2206.2,0.7342943832753034,2.0554948880126207,11.070655236797068,155,123.7,1.1431313975708848,143.8,1.0
3.2248794688391063,7108.0,2206.92,0.7437750968126897,1.1674188996884265,10.475578670166616,158,123.5,1.0141392031825922,144.6,1.0
3.2257951875858626,7112.0,2207.6,0.7589568122092153,0.8241468720806664,11.078033985851793,159,123.3,0.910385942542813,145.4,1.0
3.226897964847712,7116.0,2208.4399999999996,0.7265973075911527,0.992499535664714,11.596764400085279,162,123.2,0.9650660708034816,145.8,1.0
3.2283016831177798,7121.0,2209.2400000000002,0.6809955918081283,1.0106771544486768,9.59849929728402,162,123.4,1.2619127404175532,145.8,1.0
3.2298394940899544,7126.0,2210.04,0.6318351301167547,1.107223899965752,10.72054442798965,161,123.7,1.6360481677064769,145.4,1.0
3.2312034938281164,7129.0,2210.84,0.6080339284083662,1.6367996857942084,9.63247386940925,160,124.2,1.7754040351943712,145.0,1.0
3.232104376475661,7131.0,2211.48,0.5707507716729964,1.6215887655803463,9.71821283843212,159,124.7,1.8162886649758228,144.5,1.0
3.233465261121193,7139.0,2212.0,0.5595158183701734,0.6123980904893127,10.056535428046567,157,125.6,1.9617895376061685,144.1,1.0
3.235027318233715,7142.0,2212.52,0.5378305247192177,1.8744685350267756,10.636070204806428,157,126.8,2.170679405301209,143.9,1.0
3.2364777708340458,7149.0,2213.12,0.5236074359251555,0.7459470515987204,10.224548768753886,157,127.8,2.4508448353027523,143.7,1.0
3.237536612564452,7152.0,2213.6,0.5130632435329028,1.2706100764874255,9.913916869528812,156,129.1,2.478740862803361,143.7,1.0
3.238904762770165,7156.0,2214.2799999999997,0.5235004367434061,1.231335185141533,10.792451184238757,155,130.4,2.503623462833158,144.2,1.0
3.239843651042873,7158.0,2215.04,0.5429679591777152,1.689998890874417,11.378117675210776,150,131.7,2.5442569498921968,144.8,1.0
3.240845798916617,7165.0,2215.8,0.574868879210827,0.5153903350684531,11.908593765797704,149,132.8,2.0800033507391005,145.6,1.0
3.2420680701340263,7171.0,2216.52,0.5996155385807573,0.7333627304455795,11.080731507343907,149,133.9,1.7565782660702345,146.6,1.0
3.243564825732137,7173.0,2217.44,0.6211129407299951,2.694160076599017,11.887623484148936,150,134.6,1.6842652736129178,147.6,1.0
3.244857307925657,7175.0,2218.32,0.6394138295983198,2.326467948335896,14.435347200085953,150,135.1,1.6620890214342494,148.2,1.0
3.246247144415331,7179.0,2219.2,0.6322585461573118,1.250852840706769,14.0695255906824,153,135.4,1.7929786797549352,148.7,1.0
3.2474667201396956,7184.0,2220.0,0.6134489433388919,0.8780945215424393,13.629049944243713,155,135.4,1.6767226755423046,148.9,1.0
3.2488976220335846,7187.0,2220.8399999999997,0.5967677872825398,1.7170822726669055,13.992935400916721,154,135.4,1.6710883704967003,149.1,1.0
3.2501023231897412,7188.0,2221.52,0.5794641062086756,4.336924162164599,14.730844158406953,155,135.3,2.2879946722257207,149.1,1.0
3.2512010043199937,7193.0,2222.08,0.555828236923,0.7910504137817542,12.998933700380366,156,135.4,2.3294702784206573,148.2,1.0
3.252167557834879,7196.0,2222.5600000000004,0.5347630674705459,1.159864217862606,12.084938929801911,156,135.6,2.3259758971981643,147.1,1.0
3.2529620118756224,7199.0,2223.08,0.515061340969028,0.9533448488918433,12.228720999079771,156,135.8,2.4116432029382144,145.5,1.0
3.2538832233474215,7201.0,2223.6,0.4935176244584293,1.658180649238109,14.056249141162827,157,136.1,2.2835803821082985,143.5,1.0
3.25526684959424,7208.0,2224.2400000000002,0.4535229958719878,0.7115792126495835,12.961554627243848,158,136.5,2.1270201367043238,141.3,4.0
3.2566264738101336,7211.0,2224.84,0.41118836464847996,1.6315490590723496,9.614287254848827,158,137.0,1.9874394005650775,139.5,4.0
3.2584029252793014,7214.0,2225.44,0.37153108344247815,2.131741763001388,9.070809394504007,159,137.6,1.715195407968758,138.1,4.0
3.2602818884942564,7215.0,2225.92,0.3260726720123774,6.764267573838583,8.250952572451881,159,138.2,1.667568738639083,137.0,4.0
3.2615861929680148,7221.0,2226.2400000000002,0.2832946715023493,0.7825826842550168,7.511903175830412,159,138.7,1.446758495272426,136.1,4.0
3.2623555524447747,7225.0,2226.4,0.24271775627088452,0.6924235290837744,6.225938929185611,162,139.2,0.8799129768138366,135.3,3.0
3.2627695313048677,7229.0,2226.48,0.19227866401159138,0.3725809740837004,5.870134258510078,166,139.6,0.9086157322165704,135.1,3.0
3.2632349212440954,7232.0,2226.4399999999996,0.153308841691198,0.5584679270731804,4.859982074409572,167,139.8,2.036879235039924,134.8,3.0
3.2638708679964834,7241.0,2226.44,0.1113166281814841,0.25437870095517884,3.681036701745407,166,140.0,2.026563867343166,134.8,3.0
3.2643966883085827,7246.0,2226.44,0.06794586477090463,0.37859062471138644,1.1692880845544449,163,140.0,2.400791466469033,135.0,3.0
3.2650256978169163,7248.0,2226.44,0.038611900104372446,1.132217115000998,0.9629192037766783,160,140.1,2.5730347079362006,135.1,3.0
3.2651846869307777,7255.0,2226.48,0.010337195162851993,0.0817658299858526,0.8959812200396732,159,140.1,2.884053720239615,135.1,3.0
3.265286446666861,7264.0,2226.52,0.002139506442370251,0.040703894433347446,0.8856170213832286,156,140.1,3.076307983491001,134.5,3.0
3.265394824458416,7265.0,2226.52,0.019757392351668575,0.3901600495981796,0.7998828470616399,156,140.1,3.3751288487971807,133.7,3.0
3.265858172768128,7267.0,2226.5199999999995,0.05676695247966697,0.8340269574817626,0.7921417500444711,153,140.3,3.62809111833384,132.7,3.0
3.2663568083274273,7269.0,2226.4800000000005,0.11330615745397266,0.8975440067389361,0.8231011591404682,150,140.7,3.640499560219618,131.4,3.0
3.266821130986224,7274.0,2226.4800000000005,0.19543618525540365,0.3343123143333917,1.3787978950607034,150,141.0,4.454929296662558,130.0,3.0
3.2671209398442946,7281.0,2226.52,0.24798917953310826,0.1541874127220223,1.5262590379581298,150,141.2,3.3641834481339608,128.7,0.0
3.267284267675836,7287.0,2226.6400000000003,0.3107021797978423,0.09799669892468324,1.604050190274084,153,141.2,3.261376423903452,127.2,0.0
3.2674603843107883,7291.0,2226.8399999999997,0.3875289957129041,0.15850497145710624,1.7930358929840036,152,140.8,2.9379435191902643,125.9,0.0
3.2677472411850452,7292.0,2227.12,0.44089618224761284,1.0326847473241803,1.8161402641075068,152,140.6,2.8970979070885927,125.2,0.0
3.2682749186722635,7301.0,2227.3199999999997,0.4657801670878694,0.21107099488722122,1.7429582566753319,153,140.6,3.1686470676030987,124.7,0.0
3.2685288521314257,7310.0,2227.52,0.4913993177258097,0.10157338366488476,1.6637467997431414,151,140.5,3.495684167622497,124.7,0.0
3.2689321929108077,7315.0,2227.7200000000003,0.49153406734517563,0.29040536115490884,1.6406391285936948,148,140.3,3.2425057563144173,124.9,0.0
3.2692674008847584,7321.0,2227.88,0.4653042158183475,0.2011247843704945,1.984750275887714,146,140.0,3.1830990789081905,125.0,0.0
3.2695542577574925,7327.0,2227.9199999999996,0.43624350725290534,0.17211412364042028,3.016298378573482,146,139.4,3.2349341410760357,125.5,0.0
3.2695764967737686,7329.0,2228.0,0.40048112211655856,0.040030229296988164,2.3281368289015947,145,138.7,2.5261117641628945,126.0,0.0
3.2697241975430313,7338.0,2228.04,0.393576478848531,0.05908030770518067,2.3073933494925782,142,138.5,2.567929427522853,126.5,0.0
3.27028236464121,7341.0,2228.08,0.3872376207371266,0.669800517814631,3.4143406131139855,135,138.9,2.701865350128024,127.0,0.0
3.270842230459038,7342.0,2228.2,0.37309990829370154,2.015516944180377,3.9713327239167135,130,140.0,2.767105471926933,127.3,0.0
3.2708699052081807,7345.0,2228.44,0.3696813876824757,0.03320969897118275,4.164852452547585,127,140.8,2.713900687581279,127.1,0.0
3.2713333119622923,7353.0,2228.76,0.42440344072353875,0.20853303935013942,4.564204752659535,125,141.6,2.1966344799353936,126.7,0.0
3.272239527575415,7355.0,2229.16,0.4608422509074587,1.6311881036202402,4.725175417616271,125,142.3,2.0540085169978406,126.0,0.0
3.273299244084728,7359.0,2229.56,0.49960073168061314,0.9537448583818662,4.983523673932393,125,143.0,2.039534888746385,125.6,0.0
3.274443424210632,7369.0,2229.88,0.542787864951899,0.41190484532540683,4.812465411647931,124,143.8,1.9324998757903729,125.3,0.0
3.275304977124706,7374.0,2230.32,0.5686919725195043,0.6203180981330022,4.015330857035122,124,144.6,1.8762334505433755,125.0,0.0
3.275614525561886,7379.0,2230.8,0.5645749054289534,0.22287487476960574,5.144406144765973,121,145.4,1.7096762039210642,124.6,0.0
3.276104891760187,7384.0,2231.24,0.5477206478512354,0.35306366277665674,5.736762276027532,121,145.8,1.634552544626424,124.0,0.0
3.2766889421560386,7392.0,2231.6800000000003,0.5207841306385366,0.2628226781332082,4.71875857528331,123,145.8,2.1872910651913604,123.77777777777776,0.0
3.277453809427901,7399.0,2232.08,0.4998388349216879,0.3933603112436294,4.076837242554538,123,145.4,2.1050135324793144,123.625,0.0
3.27860460988818,7402.0,2232.3599999999997,0.5259334035927663,1.3809605523349358,4.150711234041745,126,145.0,2.111808387714876,123.71428571428572,0.0
3.279821417632099,7407.0,2232.6,0.528699684666522,0.876101575621598,4.265590026626465,128,144.5,2.888011089733612,124.0,0.0
3.280392682081655,7417.0,2232.84,0.5324262510927459,0.2056552018403113,4.1939798728885584,128,144.1,2.7358344890171877,,-1.0
3.280792321795511,7425.0,2233.08,0.5699611648998033,0.179837871235196,4.101703566159218,126,143.9,2.798367880646937,,-1.0
3.281070552863727,7427.0,2233.48,0.617647325346479,0.5008159227885728,4.025201294285344,126,143.7,3.0142518782826624,,-1.0
3.2814919864878322,7429.0,2233.8,0.6440838634223003,0.7585805233891716,3.7348120722342015,123,143.7,3.2133226255914167,,-1.0
3.281719800555003,7435.0,2234.04,0.6888721418555452,0.1366884403024398,2.6966126911012713,119,144.2,3.176630477824216,,-1.0
3.2818542474828267,7437.0,2234.2799999999997,0.8129776825608506,0.2420044700830009,2.077189412098405,118,144.8,3.621182321301391,,-1.0
3.281949107667585,7439.0,2234.52,0.9083355023938658,0.17074833256513466,2.6446433663401026,119,145.6,3.061921852054825,,-1.0
3.2820703353045215,7449.0,2234.7200000000003,0.9766253241731018,0.04364194929708297,2.9022646948723922,122,146.6,3.078337496667177,,-1.0
3.2822528841867045,7454.0,2234.96,0.9647681693222708,0.13143519517178717,2.8031846615919584,122,147.6,3.203052879548274,,-1.0
3.2825068177318264,7461.0,2235.44,0.9573711333172555,0.13059439463424632,2.3758654713801612,119,148.2,2.4950606305435867,,-1.0
3.2827536551422107,7462.0,2235.88,0.891586606069283,0.8886146773831999,2.574352058283151,113,148.7,2.7821821159379816,,-1.0
3.283297986412518,7466.0,2236.2799999999997,0.7927707372762887,0.4898981432764652,2.5689072952779486,111,148.9,2.753074757792955,,-1.0
3.283827942109435,7471.0,2236.52,0.6566442292073397,0.3815681017800768,2.4725418670407153,110,149.1,3.164235593571495,,-1.0
3.2844386428831953,7480.0,2236.7599999999998,0.542513239199884,0.24428030950405386,2.4506012612466797,110,149.1,2.985652957586113,,-1.0
3.2849870927921088,7484.0,2236.76,0.41520943320948334,0.4936049180220156,2.346542527264733,107,148.2,3.196704896925646,,-1.0
3.285489499738829,7487.0,2236.7200000000003,0.20742663221780008,0.602888336064348,2.2770435941043283,104,147.1,3.491952208964185,,-1.0
3.2856882361664588,7489.0,2236.5600000000004,0.0321053978273246,0.3577255697336201,1.5829388062130298,101,145.5,3.501126951023193,,-1.0
3.2859463570483003,7492.0,2236.4,-0.09619986190817917,0.30974505820979836,1.211104363823814,101,143.5,3.701478016734802,,-1.0
3.286330118601954,7503.0,2236.2000000000003,-0.18882545738832546,0.12559469028671813,0.9233032150584435,105,141.3,3.9833614885402726,,-1.0
3.2867424405407246,7506.0,2235.96,-0.28344319770811344,0.4947863265247657,0.7561744045821343,108,139.5,4.06654603820691,,-1.0
3.2873949005427026,7511.0,2235.7200000000003,-0.3099353496536434,0.4697712014242663,0.48996066476977784,108,138.1,3.722584186258153,,-1.0
3.2879610987056647,7517.0,2235.6,-0.32599709150030587,0.33971889777725534,0.3992592842338156,108,137.0,3.8663084287968568,,-1.0
3.2887950410416806,7527.0,2235.4,-0.31540838723464915,0.3002192409658122,0.397566806956934,108,136.1,3.270312457012268,,-1.0
3.2897854852424095,7536.0,2235.16,-0.30368904485365766,0.3961776802915238,0.40448070131885616,109,135.3,4.606938782012902,,-1.0
3.2908906949485095,7543.0,2234.96,-0.2866828570442835,0.5683935631372079,0.42311150012980675,109,135.1,4.638081232819828,,-1.0
3.2920570582257898,7546.0,2234.7599999999998,-0.2764038368652435,1.3996359327360943,0.4031162607683201,109,134.8,3.9648891022875294,,-1.0
3.292720704716645,7550.0,2234.56,-0.273402616431273,0.5972818417696687,0.6019978587873192,112,134.8,4.024571766426426,,-1.0
3.293286124638766,7558.0,2234.36,-0.2916144265320586,0.2544389649543833,0.6125714434145483,114,135.0,3.9658881928974177,,-1.0
3.293879524192405,7565.0,2234.1600000000003,-0.28178184089080477,0.30517691330000163,0.6131880750727774,115,135.1,3.8798252735373486,,-1.0
3.29458390083423,7574.0,2233.88,-0.26210441520016803,0.2817506567300463,0.5830249478506326,115,135.1,4.27610794030406,,-1.0
3.2957684262817803,7575.0,2233.6,-0.23964515338350328,4.264291611180543,0.5439450730522941,116,134.5,4.398319834972631,,-1.0
3.296813591818622,7579.0,2233.3199999999997,-0.21777538502327404,0.940648983157435,0.5054869553845892,119,133.7,4.785068806073205,,-1.0
3.2973939501887912,7582.0,2233.16,-0.1975162159416068,0.6964300442029965,0.500574218626133,120,132.7,4.8732383675365325,,-1.0
3.2978762671916955,7594.0,2233.04,-0.17821253316924618,0.14469510087121798,0.5146229528785865,118,131.4,3.616500880311041,,-1.0
3.298327233619045,7603.0,2233.0,-0.1578315263350778,0.18038657093981522,0.5860551827207974,119,130.0,4.987765430278531,,-1.0
3.299731773046553,7606.0,2232.96,-0.1255513782256478,1.685447313009506,0.6932330594606728,122,128.7,4.981732097731976,,-1.0
3.30131965140911,7613.0,2232.92,-0.0918754578508097,0.8166231578864922,0.6775969552821014,123,127.2,4.863782071652164,,-1.0
3.3025018953144576,7620.0,2232.88,-0.06619745036003281,0.6080111513214989,0.6823504954255398,120,125.9,4.882225528365368,,-1.0
3.3037979694569497,7623.0,2232.84,-0.059684813759175934,1.5552889709907907,0.6956829248656506,117,125.2,4.636171317814876,,-1.0
3.3055859540120704,7626.0,2232.8,-0.0645526466018326,2.1455814661447463,0.7553581612921338,114,124.7,4.386409354807645,,-1.0
3.306800984346186,7627.0,2232.7200000000003,-0.08000738274079613,4.374109202814906,1.3690626493928704,114,124.7,4.2084462896863855,,-1.0
3.3089759983726963,7634.0,2232.4800000000005,-0.0996770203311941,1.1185786422052726,1.3506059746644707,113,124.9,3.756300854253261,,-1.0
3.3112936628076306,7642.0,2232.2,-0.11464657782602647,1.042948995720372,1.7622911144842548,114,125.0,3.969943306174791,,-1.0
3.315064767509784,7650.0,2231.76,-0.13269814993929208,1.6969971159692054,1.7740533952463902,113,125.5,3.985958433600751,,-1.0
3.3184479320294624,7651.0,2231.2799999999997,-0.1504932921094345,12.179392270842165,1.715097205794338,113,126.0,2.5079018921833867,,-1.0
3.32194282226474,7661.0,2230.7200000000003,-0.16899997540065137,1.2581604846998506,1.6323027308797768,113,126.5,2.4622296945948667,,-1.0
3.324471065762451,7662.0,2230.2799999999997,-0.18550265897566712,9.101676591760198,1.4269319471126296,113,127.0,2.476724599770109,,-1.0
3.3270980293302554,7670.0,2229.8,-0.1821038218114514,1.1821336055120983,1.7811013270077065,113,127.3,2.272217287811474,,-1.0
3.3284289836916403,7675.0,2229.3599999999997,-0.16479361901350528,0.9582871401972344,1.7949199958339968,113,127.1,2.18048371327379,,-1.0
3.329614799662646,7679.0,2228.96,-0.11834962499381776,1.0672343739054564,1.8500527405970442,115,126.7,1.8722349326222425,,-1.0
3.330463017508071,7687.0,2228.6,-0.06648832052920875,0.3816980304410902,1.8176153527811334,116,126.0,1.7619858601992946,,-1.0
3.3314685530751578,7688.0,2228.4800000000005,0.01450533475160728,3.6199280415127912,2.1438950497115496,115,125.6,1.572005124476181,,-1.0
3.332577566393782,7700.0,2228.5600000000004,0.0771026283786688,0.3327039955873981,4.035840816129772,113,125.3,1.2827410587649892,,-1.0
3.334264318475269,7712.0,2228.96,0.13692167835736463,0.5060256244460279,4.201194978316185,115,125.0,1.0652411222182645,,-1.0
3.3360271825992753,7715.0,2229.4000000000005,0.1701272420728264,2.1154369488078446,5.514807965473085,116,124.6,0.8498086707767643,,-1.0
3.3381445977786512,7722.0,2230.16,0.22248288457522744,1.0889563779647407,5.5881010279525345,116,124.0,0.6890264646885147,,-1.0
3.339808755769085,7723.0,2230.7200000000003,0.2586663798646562,5.990968765562889,5.623842924877137,116,123.77777777777776,0.6040249278580689,,-1.0
3.3411060820805365,7732.0,2231.2,0.27231917158951985,0.5189305245804601,5.307043558682051,115,123.625,0.5457182443454187,,-1.0
3.3420202721860917,7733.0,2231.3599999999997,0.272953345499986,3.291084379999127,6.0632447129905165,115,123.71428571428572,0.4892024415564689,,-1.0
3.342789040707669,7742.0,2231.7599999999998,0.24995075800241073,0.3075074086309427,6.149765130169579,114,124.0,0.4486534674508756,,-1.0
3.3431896817475604,7750.0,2231.96,0.20452834007781656,0.18028846795106537,5.673772337483645,112,,,,
3.343943001550708,7757.0,2232.04,0.12733078785028615,0.3874216130472168,5.365343312075575,114,,,,
3.3453442054233506,7758.0,2232.12,0.06731400293140952,5.044333941514189,3.2433893466183896,115,,,,
3.346953940317678,7761.0,2232.2,0.008926971896972617,1.9316818731929166,3.0793793448474167,118,,,,
3.3487621372682534,7766.0,2232.0,-0.018739153598176468,1.3019018044141697,1.768690497804099,120,,,,
3.350952392956094,7773.0,2231.68,-0.06526487983767297,1.126417210889394,1.821160456571635,120,,,,
3.3534837749224597,7775.0,2231.4,-0.08961233657686572,4.556487539458649,1.8810832091947447,120,,,,
3.3555142235353492,7782.0,2231.04,-0.09585853265443128,1.0442307152001908,2.0083350737277263,117,,,,
3.3573474228667988,7790.0,2230.7599999999998,-0.09230107676749481,0.8249396991523583,1.8769035454511744,118,,,,
3.3591915420458682,7792.0,2230.48,-0.08266144189310834,3.319414522324781,1.7816711061499209,118,,,,
3.3606736389174836,7795.0,2230.3199999999997,-0.05025626488997824,1.7785162459382546,1.8057180360881255,115,,,,
3.3620258426889196,7797.0,2230.32,-0.01544382590411055,2.433966788584829,1.936303217972227,112,,,,
3.3638462516277707,7798.0,2230.4799999999996,0.007317646070632037,6.553472179863645,1.962233974620497,109,,,,
3.365615749545006,7805.0,2230.7200000000003,0.02722602204149536,0.9100275002924443,2.0418428163352855,109,,,,
3.3672749773376833,7811.0,2231.0,0.042359483330353276,0.9955366756062703,2.1361178814148016,107,,,,
3.369016828980137,7816.0,2231.2,0.06280611858035642,1.2541331825669118,2.573927260589884,108,,,,
3.3704914108496835,7820.0,2231.2799999999997,0.09064538336119873,1.3271236825915131,2.5670485716226628,108,,,,
3.3713119585917157,7828.0,2231.28,0.22475897457975863,0.36924648391457077,2.3568271400194103,107,,,,
3.3718128947930404,7838.0,2231.2799999999997,0.46554238031771256,0.18033703247679414,1.6811045372646212,110,,,,
3.3722606874643546,7840.0,2231.3199999999997,0.470877068028049,0.8060268083657968,1.622903434020208,110,,,,
3.372531128284112,7846.0,2231.44,0.4405309591753393,0.16226449185467215,1.535938748793074,112,,,,
3.3725785584198475,7867.0,2232.12,0.4018140570304964,0.008130880411789389,1.3527173004308823,118,,,,
3.372647278773008,7886.0,2233.16,0.312176653670682,0.01302069849351437,1.1227308109522478,113,,,,
3.372965001323359,7893.0,2233.2400000000002,0.21006568081878835,0.16340016875205293,1.0367495290325393,108,,,,
3.373526079540185,7902.0,2233.2,0.12035659184042458,0.22443128673049095,0.9109534748673654,107,,,,
3.374087157750109,7910.0,2233.12,-0.22819979592187586,0.2524851944656673,0.30668897408412976,107,,,,
3.374648235952485,7920.0,2232.84,-0.28869450560536813,0.20198815285549065,0.2044170323492028,107,,,,
3.37520931414855,7927.0,2232.44,-0.43980444801724977,0.2885545008333407,0.24748515635097496,108,,,,
3.375452675992972,7940.0,2232.04,-0.7082478768493516,0.06739251076300531,0.269172956013527,108,,,,
3.3756774929685385,7974.0,2230.3599999999997,-0.7194470741797473,0.023804150354101647,0.28139870709332315,103,,,,
3.3759090741250755,7985.0,2230.16,-0.682768527058653,0.07579019668481089,0.29355917130786185,104,,,,
3.376495865138494,7990.0,2230.08,-0.6431919713910094,0.42248952966139847,0.3029881092263339,103,,,,
3.377106135780198,7999.0,2230.0,-0.5382762472489168,0.24410825668169314,0.29764144157163935,103,,,,
3.3778613380519307,8005.0,2230.04,-0.4229095254100484,0.4531213630395979,0.4030727078137349,100,,,,
3.378368917926448,8008.0,2230.16,-0.3208656949321721,0.6090958494207853,0.42684251136878615,101,,,,
3.378794050370183,8016.0,2230.2400000000002,0.022247961895632808,0.19130959968092331,0.46104228113564183,103,,,,
3.3790312010343646,8029.0,2230.3599999999997,0.07597812868299367,0.0656724916194124,0.4749606325462161,106,,,,
3.3794976895589612,8031.0,2230.44,0.08116134552455988,0.8396793442741148,0.4452923414041562,108,,,,
3.3801239586964607,8043.0,2230.5199999999995,0.07320840940066546,0.18788074124980117,0.4441779880691854,108,,,,
3.380627108069305,8049.0,2230.52,0.02657816222512039,0.3018896237065675,0.4047898087201964,108,,,,
3.3813574006694944,8057.0,2230.6,-0.04610092619199319,0.32863167008523536,0.38215786658520934,109,,,,
3.382530982435806,8066.0,2230.52,-0.12818866374772714,0.469432706524701,0.5361377230353818,109,,,,
3.383591881752497,8073.0,2230.32,-0.21814064777061434,0.5456053628694093,0.7096716956809276,110,,,,
3.384232620503208,8080.0,2230.0,-0.28576159924992933,0.3295227860799714,0.7371987125229171,108,,,,
3.3848038872305293,8086.0,2229.56,-0.34165248887962674,0.34276003639287206,0.8647011730306084,108,,,,
3.3855661734679123,8088.0,2228.84,-0.3716820610068268,1.3721152272895727,1.0971767183096583,108,,,,
3.3866632099510645,8091.0,2228.0,-0.4004551512208785,1.3164437797827389,1.1737128561732217,107,,,,
3.38807615578517,8095.0,2227.28,-0.3924594935830275,1.2716512506948214,1.2994161097843697,107,,,,
3.3894876106804688,8099.0,2226.6400000000003,-0.36436014202336675,1.2703094057691096,1.3959660588666822,107,,,,
3.3915486322051716,8102.0,2226.12,-0.33499474732251455,2.4732258296434075,1.5161497984194063,106,,,,
3.3937236405631,8109.0,2225.8,-0.3004525109301738,1.118575726934497,1.5574653486782553,105,,,,
3.3957747480614713,8112.0,2225.7200000000003,-0.2431397379558482,2.4613289980453987,1.4493657699317661,102,,,,
3.398285559395575,8115.0,2225.7599999999998,-0.18828457690105097,3.012973600924871,1.317817739456914,101,,,,
3.4015488845445017,8118.0,2225.6,-0.15479259003872925,3.915990178711599,1.1534942701451243,105,,,,
3.4043865099665047,8123.0,2225.36,-0.1276271177544991,2.043090303842162,1.0053080038273896,105,,,,
3.406522424414793,8128.0,2225.2,-0.10180594052418748,1.5378584027673698,0.8162870184238639,106,,,,
3.4077832986202194,8132.0,2224.96,-0.09426968355655929,1.134786784883982,0.7959215869437744,107,,,,
3.408234116378065,8139.0,2224.56,-0.09713522286918166,0.23184913260639248,0.7711749135034618,107,,,,
3.4087678527637406,8147.0,2224.2400000000002,-0.10122920190199085,0.24018137355385824,0.7403363613140905,108,,,,
3.4101271618766438,8150.0,2224.16,-0.08720191912620018,1.6311709354838118,0.6825957016913982,108,,,,
3.4120838990367646,8155.0,2224.0,-0.07090858127916443,1.4088507552871192,1.2029377458149788,108,,,,
3.414938062765396,8160.0,2223.88,-0.06615456118402248,2.054997884614403,1.2021156751857762,109,,,,
3.4178088544083116,8167.0,2223.84,-0.05710539053591113,1.4764071306423556,1.1955790702347175,109,,,,
3.420558507443933,8175.0,2223.96,-0.04057096885581914,1.2373438660295364,1.2571745087573372,112,,,,
3.4225584956346724,8176.0,2224.04,-0.03342265465633983,7.199957486662836,1.4527823834232367,112,,,,
3.424478389135516,8183.0,2223.96,-0.04605743800464341,0.9873738004337921,1.448719663586425,110,,,,
3.425964723502427,8191.0,2223.88,-0.04411447493239387,0.6688504651098971,1.4546564192100966,109,,,,
3.4279386408190695,8198.0,2223.8,-0.041637620705061405,1.0151574771305059,1.6904670993703015,106,,,,
3.4295721393792205,8200.0,2223.6400000000003,-0.043306923333358116,2.940297408272022,1.7618893104679856,103,,,,
3.4308629100721837,8204.0,2223.3599999999997,-0.05123044989339065,1.161693623666777,1.885053076016861,102,,,,
3.431971826824572,8207.0,2223.24,-0.055075811259466104,1.3307001028655314,1.5274618763095025,98,,,,
3.433376366340996,8208.0,2223.16,-0.04322350220512112,5.0563422591278835,1.724389631594122,89,,,,
3.435120447063851,8211.0,2223.08,-0.030284951734061722,2.092896867425522,1.879166961870381,87,,,,
3.4371824483608897,8214.0,2223.04,-0.019272856844219557,2.4744015564465016,2.0064535702484703,86,,,,
3.4400466222622748,8218.0,2223.04,-0.0076069398552284576,2.5777565112465917,3.040622165512226,85,,,,
3.443498104453108,8223.0,2223.2400000000002,0.008110610878628464,2.485067177399697,3.132172818692186,84,,,,
3.446640029556617,8229.0,2223.48,0.008528334242874427,1.8851550621055015,3.3020579898352422,82,,,,
3.4497541888947607,8235.0,2223.68,0.008471208310746886,1.868495602886267,3.64481424147012,82,,,,
3.4530915050387816,8236.0,2223.7599999999998,0.005923234070689722,12.014338118475349,3.6463207057684373,82,,,,
3.4558809308243683,8242.0,2223.72,0.0003665718915311797,1.6736554713520193,3.5521275999281556,80,,,,
3.4588896978860637,8246.0,2223.48,-0.007826080901039053,2.707890355525982,3.450649142416495,77,,,,
3.463346541790787,8248.0,2223.32,-0.025612851561643297,8.02231902850198,3.3490865660062754,75,,,,
3.4681298026160916,8255.0,2223.0800000000004,-0.048522818797246584,2.459962710156768,3.4023075921180963,77,,,,
3.4727181825177915,8263.0,2222.8,-0.06826922603177246,2.064770955764923,3.590456420479506,78,,,,
3.4772901362194837,8269.0,2222.48,-0.08131053564828174,2.7431722210152256,2.490323594222894,78,,,,
3.481027825664579,8273.0,2222.0800000000004,-0.08941131849475921,3.363920500585743,2.4082491737845158,78,,,,
3.484038793098465,8275.0,2221.4800000000005,-0.09385511974133787,5.419741380994836,2.2974665165906765,78,,,,
3.4876421163814664,8277.0,2220.92,-0.09998900890630424,6.485981909402361,2.0234487999510824,78,,,,
3.492150892529286,8282.0,2220.48,-0.10673719077779993,3.246318826430068,1.9352654479956464,78,,,,
3.4967283799954756,8290.0,2220.12,-0.11354803058892611,2.0598693597851687,2.219397142834382,79,,,,
3.5017653461284715,8295.0,2219.72,-0.12427197291237235,3.6266156157569958,2.1299177496812796,77,,,,
3.5061825738234442,8297.0,2219.3599999999997,-0.1316069679555099,7.951009850950699,2.1986746986883494,77,,,,
3.5095698273749645,8303.0,2218.92,-0.13899766544741937,2.032352130912102,2.0010301829882673,77,,,,
3.511736607456813,8304.0,2218.4800000000005,-0.14487605794783245,7.800408294654682,1.7250142962980728,77,,,,
3.5140282464058252,8310.0,2217.96,-0.16152963782544327,1.3749833694075633,1.663183867568609,77,,,,
3.5156526092565095,8311.0,2217.5600000000004,-0.18114113201484677,5.847706262463201,1.6456101310563767,76,,,,
3.517459459874694,8316.0,2217.1600000000003,-0.2012975520103037,1.300932445092808,1.5265306252915896,78,,,,
3.518625726305731,8318.0,2216.88,-0.23027784570909185,2.0992795758658542,1.1306056280433257,79,,,,
3.519639983288551,8321.0,2216.56,-0.25615778488340907,1.2171083793842856,1.2203777912677758,79,,,,
3.5200825964093694,8323.0,2216.2799999999997,-0.2953484684061046,0.796703617472419,0.8329764672562625,79,,,,
3.520470347440926,8329.0,2216.04,-0.32999726788520034,0.23265061893372557,0.8452524414146779,79,,,,
3.520957130866625,8338.0,2215.7599999999998,-0.41202380544355205,0.19471337027978003,0.7161000088640032,80,,,,
3.5213037600905643,8339.0,2215.5199999999995,-0.47613153641045847,1.247865206181093,1.003898090907215,80,,,,
3.5214460507883305,8343.0,2215.24,-0.5501690716157653,0.12806162798949697,0.9076489205749241,77,,,,
3.521759135118788,8345.0,2215.0,-0.6000627698228775,0.5635517948235321,0.9315612122867021,73,,,,
3.5227632742070263,8349.0,2214.5600000000004,-0.6576576940976386,0.9037251794142784,0.8906083022150086,72,,,,
3.523606143486562,8350.0,2214.16,-0.6883795137969246,3.0343294063286343,0.9517108247465031,72,,,,
3.523869983171173,8357.0,2213.68,-0.7291956332496194,0.13568898065688625,1.0560392430850127,73,,,,
3.524120487946716,8358.0,2213.2400000000002,-0.775788312095511,0.9018171919543395,1.0705596287859702,73,,,,
3.524520135068787,8364.0,2212.68,-0.7946334253334089,0.23978827324275284,1.1312121237262756,73,,,,
3.5251491266729817,8367.0,2212.24,-0.7861226747259402,0.7547899250337271,1.4826611661865285,74,,,,
3.526119029849236,8370.0,2211.6800000000003,-0.7208503343279288,1.16388381150527,1.819180412805339,73,,,,
3.5270058246987137,8372.0,2211.12,-0.6521950847127401,1.5962307290596327,1.5560799748262968,73,,,,
3.527925070480655,8377.0,2210.6,-0.5670134371925399,0.6618569629976847,1.6598620519201603,68,,,,
3.528882782004457,8378.0,2210.16,-0.49319673177419043,3.4477614856886114,2.0619014062763847,65,,,,
3.529746375969475,8379.0,2209.7200000000003,-0.40368015157401194,3.108938274063731,2.0965336195460793,60,,,,
3.530145287171091,8381.0,2209.44,-0.34338843264519536,0.7180401629085983,2.0898033821276556,56,,,,
3.5310685248488913,8383.0,2209.28,-0.2703405111737073,1.661827820040267,2.083714345213121,54,,,,
3.533886406863326,8384.0,2209.2,-0.19432439442021623,10.14437525196459,1.9832175504260618,53,,,,
3.5375064867212322,8392.0,2209.28,-0.13823972491330724,1.6290359360578632,1.9911209495835713,52,,,,
3.5417790329711822,8400.0,2209.2400000000002,-0.11609204498656907,1.9226458124774055,1.9706459171581787,53,,,,
3.5466124434144475,8406.0,2209.04,-0.10573912663648435,2.900046265959149,1.5793170328351178,54,,,,
3.550898354139216,8414.0,2208.7599999999998,-0.11221737234178028,1.9286598261456946,1.7178455490454922,54,,,,
3.553867499096672,8419.0,2208.28,-0.12961286578390505,2.1377843693683545,1.6802765898657772,54,,,,
3.5560125154643036,8420.0,2207.6400000000003,-0.14837653106839982,7.722058923474151,1.2375173726027067,54,,,,
3.5577353594866774,8425.0,2207.04,-0.17327866080579765,1.240447696109255,1.415161079304788,54,,,,
3.5592452434101545,8426.0,2206.52,-0.1863019265282731,5.435582124516824,1.4558951391640267,54,,,,
3.5607858684990217,8429.0,2206.04,-0.20267164203607635,1.848750106640825,1.4322326464561788,54,,,,
3.5618255086272366,8432.0,2205.6800000000003,-0.2202009616349218,1.2475681538578638,1.4996655998556987,57,,,,
3.5630071421508562,8433.0,2205.36,-0.2379830357026494,4.2538806850308,1.523544689673971,57,,,,
3.564081905750155,8435.0,2205.16,-0.2506180787510044,1.93457447873835,1.5661669349802325,60,,,,
3.565657885898859,8439.0,2204.84,-0.27135100012601077,1.4183821338336364,1.6134636489186485,61,,,,
3.5671791123964502,8442.0,2204.4800000000005,-0.28772537622375294,1.8254717971092895,1.5496836342397482,61,,,,
3.568534033645346,8446.0,2204.04,-0.29902814328871336,1.2194291240063728,1.5694213361061884,61,,,,
3.569807842519474,8447.0,2203.56,-0.3121273253223909,4.585711946860156,1.5784124576372032,61,,,,
3.5713434723227593,8453.0,2202.92,-0.3254048368794858,0.9213778819710442,1.9240619881649526,64,,,,
3.572504263766875,8456.0,2202.2799999999997,-0.34084564542321294,1.3929497329385168,1.9517698765793288,63,,,,
3.5737521163618524,8461.0,2201.64,-0.34176999046264156,0.8984538683836513,2.0960333509673927,64,,,,
3.5753306547638757,8470.0,2200.92,-0.34038790946638253,0.6314153608093654,2.371883110900717,65,,,,
3.5774665865395687,8471.0,2200.0800000000004,-0.32525587841099296,7.689354392495017,3.132705677162227,65,,,,
3.5802069725083867,8477.0,2199.2799999999997,-0.3023816842042882,1.6442315812909203,2.8060983795166607,64,,,,
3.5831894201358714,8480.0,2198.56,-0.2649877839923799,3.5789371529813905,2.808054758727061,64,,,,
3.587627166605382,8482.0,2197.7200000000003,-0.2311012870044689,7.987943645119047,3.503326689001433,63,,,,
3.592468460212244,8483.0,2197.08,-0.19576888495345762,17.42865698470419,3.471048082118947,63,,,,
3.596529313717756,8488.0,2196.6400000000003,-0.16672117367416675,2.923814523968738,3.4464818741023295,66,,,,
3.6008037006404203,8494.0,2196.4,-0.13973124210924848,2.564632153598453,3.3760570390712643,69,,,,
3.605101259173676,8495.0,2196.2,-0.12140381954052457,15.471210719721087,3.279230438695143,69,,,,
3.6077906375748525,8501.0,2196.16,-0.10845266306957949,1.6136270407058473,3.5477478265999047,69,,,,
3.610064353736556,8509.0,2195.96,-0.09985172456523494,1.0231722727664827,3.1863249607041757,70,,,,
3.612412131807859,8510.0,2195.72,-0.09565406158509174,8.452001056690332,2.378100652828586,69,,,,
3.614670353348537,8517.0,2195.4,-0.10532253208414058,1.1613710780630808,2.3228904652655835,70,,,,
3.6172828977781957,8518.0,2195.12,-0.12283254419726992,9.405159946770777,2.376650716216191,70,,,,
3.6200764569915673,8524.0,2194.7599999999998,-0.15428342545843657,1.6761355280229386,1.5930362239304579,69,,,,
3.6220763103391445,8529.0,2194.48,-0.19081462660292192,1.4398944102555633,1.9243574264005567,68,,,,
3.6240892702663454,8536.0,2194.0800000000004,-0.23211300600782897,1.035236533989119,1.980650643336722,66,,,,
3.6251757447984194,8538.0,2193.68,-0.2804045396721844,1.9556541577330393,1.6883517369584602,66,,,,
3.626070128464334,8543.0,2193.12,-0.32952956398419186,0.6439562394585281,1.7492677899776374,65,,,,
3.626962726592938,8544.0,2192.6400000000003,-0.36337681511950226,3.2133532629741963,1.2425992472687784,64,,,,
3.6279724359724264,8549.0,2192.16,-0.40256327339676884,0.7269907532316568,1.2520014715896421,63,,,,
3.6288204762490874,8551.0,2191.68,-0.4379564554711678,1.5264724979896347,1.2104828148561102,63,,,,
3.6297022387544224,8555.0,2191.2400000000002,-0.46232315716431993,0.7935862548014418,1.3073284034899182,63,,,,
3.630013491909532,8570.0,2190.9199999999996,-0.49850583603422516,0.07470075722637745,1.3406036957996301,61,,,,
3.6301898444179304,8571.0,2190.52,-0.5242876109866875,0.6348690302338463,1.348919896084883,61,,,,
3.6305873271032723,8580.0,2190.1600000000003,-0.5540466111232905,0.1589930741366944,1.0841813614677362,64,,,,
3.631333729408385,8582.0,2189.84,-0.5841569677818049,1.3435241492029513,1.0493295909829858,63,,,,
3.632234180562111,8584.0,2189.44,-0.6054887005533471,1.6208120767069985,0.8760655427079644,62,,,,
3.633168019709164,8589.0,2189.04,-0.6240142169644373,0.6723641858782381,0.8917952654397621,61,,,,
3.6341630511809515,8592.0,2188.6,-0.6621242995447145,1.194037766144715,0.9330631314809906,61,,,,
3.6348242463941993,8596.0,2188.08,-0.6768749493316568,0.5950756919232287,0.9097032441923139,60,,,,
3.635425439443489,8601.0,2187.56,-0.6889301083638227,0.43285899548854334,0.9439879645263947,60,,,,
3.636047827373874,8603.0,2187.0800000000004,-0.67588856445907,1.1202982746930839,0.7989934865092986,60,,,,
3.636535542363094,8607.0,2186.6400000000003,-0.6432137578823939,0.43894349029790003,0.6228346018696556,60,,,,
3.6368932769158744,8610.0,2186.2799999999997,-0.6126805618580041,0.4292814633368011,0.6451365746213582,59,,,,
3.6372772175714143,8613.0,2185.96,-0.5759546477898099,0.4607287866478555,1.0021561269475256,56,,,,
3.6373896261293326,8619.0,2185.7599999999998,-0.5396246009377211,0.0674451347510611,1.0192909942354285,57,,,,
3.637507057556926,8625.0,2185.56,-0.5218109739732677,0.07045885655612492,1.7236914838757156,57,,,,
3.6382309252017526,8628.0,2185.2799999999997,-0.5068932123176012,0.8686411737920119,2.095175484951548,60,,,,
3.639319941091911,8629.0,2184.96,-0.4873374054717649,3.920457204570714,2.601004578580881,62,,,,
3.640765762649292,8637.0,2184.44,-0.48134401089434437,0.650619700821427,3.212359807510554,64,,,,
3.6425975710322054,8638.0,2183.56,-0.471535525567688,6.5945101784879565,3.5896301299201787,64,,,,
3.644662490646513,8640.0,2182.44,-0.4753349774414546,3.7168553057539895,4.040461510808198,63,,,,
3.6469462675458417,8642.0,2181.16,-0.4736489694435938,4.110798418791969,4.80302589448103,64,,,,
3.6495017362803703,8644.0,2179.7599999999998,-0.4530466683485665,4.599843722151453,4.854964556651064,64,,,,
3.6519645449448883,8647.0,2178.6,-0.42444806464243146,2.9553703974214747,4.413397704134124,65,,,,
3.6547961130820132,8650.0,2177.7599999999998,-0.3855981302141124,3.3978817645500614,4.361547702091266,67,,,,
3.657541460532828,8651.0,2177.2,-0.3310628011815477,9.883250822933572,3.620394897756216,68,,,,
3.659732331157028,8655.0,2176.96,-0.27902380750675493,1.9717835617801502,3.1419504127099604,68,,,,
3.6615232693351127,8662.0,2176.9199999999996,-0.23606032416925685,0.9210539201579341,2.6458977314628487,67,,,,
3.6631891469121864,8670.0,2176.88,-0.20164878034609587,0.7496449096831941,2.0096197881194398,66,,,,
3.6639718578471627,8679.0,2176.8,-0.18152666809117848,0.3130843739905698,1.701446154810038,67,,,,
3.664829845627582,8685.0,2176.6400000000003,-0.1801672400013139,0.5147926682514851,1.3601058613160961,64,,,,
3.665647220414476,8687.0,2176.4000000000005,-0.1864808016757497,1.4712746164091848,0.7564105130883563,61,,,,
3.666222622074986,8691.0,2176.04,-0.20949727060276704,0.5178614944591066,0.7933845849303239,60,,,,
3.666833690543324,8692.0,2175.6400000000003,-0.23532874205252458,2.1998464860166447,1.347282128705105,63,,,,
3.6677991326830313,8694.0,2175.1600000000003,-0.26197002720741347,1.7377958514736453,1.4184191886535058,65,,,,
3.6690101087786973,8696.0,2174.6800000000003,-0.27931532900156986,2.1797569721990055,1.4935328601613678,65,,,,
3.6714585331894645,8700.0,2174.08,-0.2945480587532391,2.2035819696905574,1.6766290154715748,68,,,,
3.6739756748912504,8701.0,2173.5600000000004,-0.2942722558830663,9.061710126429055,1.871104563193113,69,,,,
3.676485006244957,8708.0,2172.96,-0.28661531775397525,1.2905132676206308,1.9412754176046234,69,,,,
3.6787350623912505,8715.0,2172.44,-0.2776648180340653,1.1571717323794222,2.374160783148498,70,,,,
3.6820135069962316,8719.0,2171.76,-0.26498347693122815,2.9506001444830097,2.3466874782588363,73,,,,
3.6842383024867655,8721.0,2171.2400000000002,-0.25390196861934566,4.004631882960929,2.25182118610386,74,,,,
3.6868884026289694,8727.0,2170.68,-0.24452427863949255,1.5900600853222606,2.396854290515996,74,,,,
3.689715404253006,8728.0,2170.16,-0.2399981495904974,10.177205846530342,1.830975198073358,74,,,,
3.6924926749928773,8734.0,2169.6799999999994,-0.23187511044722653,1.6663624439228928,1.8220532200880786,74,,,,
3.694190715085942,8739.0,2169.2799999999997,-0.2439951180758931,1.2225888670066611,1.9252860622458396,73,,,,
3.695760355683834,8740.0,2168.88,-0.24392597164549099,5.650706152410614,1.7398883154479499,73,,,,
3.696416737998482,8744.0,2168.56,-0.2596602673024751,0.5907440831834522,1.5112465846502199,71,,,,
3.696980201003232,8746.0,2168.3199999999997,-0.3093317225770025,1.014233408550427,1.5150287199662567,68,,,,
3.6973989536694023,8747.0,2167.9999999999995,-0.3672195185061239,1.507509598212364,1.0696813920314578,67,,,,
3.697675705196165,8755.0,2167.8,-0.4197446486593285,0.12453818704308779,1.0694783456683772,67,,,,
3.697887692656919,8759.0,2167.56,-0.47634458129025753,0.19078871467882108,1.2046649608146631,64,,,,
3.698365909899728,8761.0,2167.12,-0.5295202170502133,0.8607910370557115,0.9318904975203142,64,,,,
3.6988987789137466,8763.0,2166.6400000000003,-0.5843030667277063,0.9591642252335444,0.9645936152250322,64,,,,
3.699773764265928,8767.0,2166.2,-0.6477488835696681,0.7874868169630299,0.8949293736755214,63,,,,
3.7007868201075738,8769.0,2165.7599999999998,-0.7034229141741902,1.8235005149622994,0.7176420535994521,63,,,,
3.7018113772509875,8776.0,2165.3199999999997,-0.7756215283497954,0.52691510232701,0.7306727445035865,64,,,,
3.7023383065507622,8779.0,2164.88,-0.8818760789213222,0.6323151597296508,0.7196116918910958,63,,,,
3.7027738480935417,8786.0,2164.4399999999996,-0.9221900631371763,0.223992793429551,0.6360272829372589,61,,,,
3.703037688352819,8794.0,2164.0,-0.9430101556009752,0.11872811667482398,0.539158461227724,60,,,,
3.703265502851594,8797.0,2163.5600000000004,-0.9599910221299295,0.27337739853051296,0.5373927926140166,59,,,,
3.7035123404397874,8804.0,2163.0,-0.9770904792912465,0.12694504535654588,0.3608373276738217,60,,,,
3.7035818819268016,8806.0,2162.6,-0.9470346937766078,0.12517467662590334,0.33356255426494263,60,,,,
3.7037596041619705,8812.0,2162.2,-0.927041492255659,0.10663334110122462,0.3240422307478859,57,,,,
3.704188463817092,8814.0,2161.76,-0.9064392050137468,0.7719473792186307,0.37130181468289225,57,,,,
3.704712796948755,8821.0,2161.2400000000002,-0.8741346425257724,0.26965703914100125,0.42564778935016456,56,,,,
3.7053502927090394,8829.0,2160.92,-0.8200197540903347,0.28687309212785395,0.5314174253261963,56,,,,
3.7062645059324675,8835.0,2160.4800000000005,-0.7305817124381696,0.5485279340569842,0.6423875487898958,57,,,,
3.7075087923415104,8842.0,2159.9199999999996,-0.6735412669868923,0.6399187246507296,0.7039890653918728,59,,,,
3.7085038265464894,8848.0,2159.32,-0.6241686836060372,0.5970205229874516,1.3859190186992183,59,,,,
3.709841874637276,8852.0,2158.8,-0.5761675436046418,1.2042432817079098,1.4240086038770017,59,,,,
3.711068074409845,8856.0,2158.16,-0.5302712798823781,1.1035797953120972,1.4599009958277458,59,,,,
3.712365645427166,8863.0,2157.44,-0.5407191826154965,0.6673222374793863,1.7274582565155168,62,,,,
3.714066217964232,8864.0,2156.7599999999998,-0.5381397874302194,6.122061133436818,1.7473560186832937,62,,,,
3.715603953035024,8869.0,2156.2,-0.520920787433782,1.1071692509702986,1.7649702689745523,65,,,,
3.7167425062954127,8876.0,2155.6,-0.5189741741509103,0.5855416767713114,1.790064697667286,66,,,,
3.7182100687732555,8878.0,2154.92,-0.5274717503654835,2.6416124601170394,1.9976977910043963,67,,,,
3.719215132318971,8883.0,2154.32,-0.5096692308163883,0.7236457529153063,1.9155577915050124,67,,,,
3.7199740175485383,8887.0,2153.84,-0.4784319444346905,0.6829967066106302,2.0374417170286376,64,,,,
3.7206903079838876,8891.0,2153.28,-0.45023256210457757,0.6446613918143235,1.624343837289557,63,,,,
3.7213464434696326,8892.0,2152.7200000000003,-0.4327319924684715,2.3620877486821708,1.6407256271330344,62,,,,
3.7218488691929412,8898.0,2152.2799999999997,-0.4125130052979483,0.30145543398515373,1.8567140708524845,59,,,,
3.722680463699637,8900.0,2151.9199999999996,-0.37891660610414724,1.4968701120525905,1.7682329543870279,59,,,,
3.724018512166833,8902.0,2151.48,-0.3485442662638834,2.4084872409529337,1.8492746528065336,56,,,,
3.725964783871151,8907.0,2150.88,-0.32230971529044755,1.4013156271088019,2.1755172052189926,54,,,,
3.729172201417901,8910.0,2150.12,-0.2734953562494621,3.8489010561001735,2.2084697235749737,55,,,,
3.73275479056619,8913.0,2149.3599999999997,-0.21944563679575935,4.2991069779465665,2.3709211751526085,55,,,,
3.737316369752579,8917.0,2148.5199999999995,-0.18192395963896604,4.10542126774998,2.4705085832248685,55,,,,
3.7418523361692624,8919.0,2147.8,-0.14970508548047184,8.164739550029857,2.6153108499085524,55,,,,
3.7468828466579316,8925.0,2147.52,-0.11324104299373547,3.0183062932015527,3.752981142106428,54,,,,
3.751138035990589,8927.0,2147.52,-0.07774819056377694,7.659340798783355,3.9946188722949545,54,,,,
3.755073846941748,8934.0,2147.6,-0.04264712966584814,2.024131346310465,3.986439115939851,55,,,,
3.758147671047475,8937.0,2147.88,-0.009345633542629322,3.6885889268719954,5.386615203028782,58,,,,
3.76158186340084,8938.0,2148.32,0.025694542242919022,12.363092472114944,5.490060209073464,58,,,,
3.763819016310079,8941.0,2148.6,0.04894174159350781,2.6845834910862787,5.489210719273492,59,,,,
3.7668622035217982,8947.0,2148.8,0.0563958155992028,1.8259123270316038,5.705837009567514,59,,,,
3.7702499667207703,8948.0,2149.04,0.05303821145005977,12.195947516299208,5.333533485334385,59,,,,
3.7735115577318394,8954.0,2149.3199999999997,0.04192793604508693,1.9569546066415489,5.304432900600958,60,,,,
3.7765554445088143,8957.0,2149.4,0.016882113093499195,3.652664132369882,5.035934400434396,63,,,,
3.7797496679820926,8960.0,2149.4,-0.014114242051803436,3.8330681679338423,3.75184417333604,65,,,,
3.7819430356222576,8964.0,2149.3199999999997,-0.046738376600454656,1.9740308761486058,3.5632632036318106,68,,,,
3.783768275613847,8967.0,2149.12,-0.08019173160561252,2.19028798990761,3.4068901682845634,69,,,,
3.7852961605406223,8970.0,2148.7599999999998,-0.11994088491940973,1.8334619121300606,1.8373415987622166,72,,,,
3.786294386833752,8971.0,2148.4,-0.1549116900612976,3.593614655266532,1.6705122048017507,75,,,,
3.787645529635302,8972.0,2147.96,-0.18418046919059752,4.864114085581206,1.3653563075568904,76,,,,
3.7891148461200266,8974.0,2147.52,-0.20435380583328708,2.6447696725038283,1.100660309165831,77,,,,
3.790729884372793,8981.0,2147.04,-0.22424612501345925,0.8305911014227642,1.1472284169916018,76,,,,
3.7926197942837683,8985.0,2146.6800000000003,-0.24359585074236093,1.700918919877599,1.2222379076454506,75,,,,
3.7944738962252176,8989.0,2146.32,-0.2596504459132861,1.668691747304451,1.211514654300964,75,,,,
3.795826726233278,8994.0,2146.04,-0.28531805659051723,0.974037605803304,1.1872859028540794,72,,,,
3.796962650210104,8996.0,2145.7200000000003,-0.30053347629419813,2.044663158287104,1.2177194280103307,72,,,,
3.7980467297979623,8998.0,2145.32,-0.3143149095902279,1.9513432581447592,1.2409460416603402,71,,,,
3.798972921296303,9003.0,2144.84,-0.3112362098932765,0.6668578788050362,1.5251180285728494,70,,,,
3.8001740937438964,9007.0,2144.2,-0.3232648194508148,1.0810552028341567,1.5450021315079387,69,,,,
3.8014090158828564,9009.0,2143.6400000000003,-0.32241056649167515,2.2228598501281347,1.967114249798371,68,,,,
3.8032304560544037,9014.0,2143.04,-0.3328422718934701,1.3114369235138938,1.9828574460761854,66,,,,
3.8050016705628185,9016.0,2142.6,-0.3238920661927217,3.188186115146239,2.203714009107098,67,,,,
3.806999343548642,9022.0,2142.0000000000005,-0.3197027541996436,1.1986037914939023,2.085655293534147,66,,,,
3.808554467812119,9023.0,2141.5600000000004,-0.3116430060815699,5.598447348516922,2.1101742825200174,66,,,,
3.8104076613235565,9029.0,2141.0,-0.2928100711449517,1.111916106862574,2.162436871330046,68,,,,
3.8121983655134066,9030.0,2140.7200000000003,-0.27768916943579114,6.446535083460951,2.1192241538418917,68,,,,
3.8141578220565706,9037.0,2140.24,-0.2673220664579077,1.0077205079129279,2.1909524075470213,65,,,,
3.8162496602260303,9043.0,2139.7200000000003,-0.2669562532802532,1.2551029016758553,1.9340214157551092,64,,,,
3.8184717323874393,9046.0,2139.2,-0.24857856257404234,2.66648659369075,2.1920155115134277,63,,,,
3.820989822110833,9049.0,2138.68,-0.2473059550152493,3.021707668072856,1.7379153575846993,62,,,,
3.8231077878009825,9051.0,2138.04,-0.23689115966933622,3.812338242268503,1.7885779240219257,64,,,,
3.825335582543068,9058.0,2137.44,-0.24799107728831443,1.1457230102154687,1.4794299276762382,63,,,,
3.827252729902916,9059.0,2137.04,-0.2415892144799233,6.901730495453179,1.7964931749807391,64,,,,
3.8296496219018543,9065.0,2136.5199999999995,-0.23392322318923098,1.4381351993630622,1.8043531801911947,63,,,,
3.831198680830905,9067.0,2136.08,-0.22641217896961163,2.7883060722916304,1.7850264511918692,62,,,,
3.8332408838975645,9071.0,2135.52,-0.22316923063512376,1.8379827599934784,1.847713549587865,60,,,,
3.8353625336233677,9072.0,2135.12,-0.2107700326126763,7.63793901289167,1.761018321647753,60,,,,
3.8377415604332965,9076.0,2134.7200000000003,-0.20463674233209567,2.14112412893599,1.8302674859903731,63,,,,
3.840264432920946,9079.0,2134.32,-0.21358617470577657,3.027446985179331,1.543115304459024,63,,,,
3.8430373828156297,9081.0,2133.88,-0.2190899508496603,4.991309810430359,1.5006136964024495,63,,,,
3.8456477641878726,9085.0,2133.52,-0.2316476585594704,2.3493432350187833,1.3996555035383538,63,,,,
3.8476731517006053,9088.0,2133.12,-0.23986758110251238,2.4304650152794345,1.3129021528821458,63,,,,
3.8492747055538388,9092.0,2132.68,-0.25264524637644514,1.4413984679099214,0.926179871760695,64,,,,
3.850203394062276,9098.0,2132.28,-0.25655674711528736,0.557213105062441,0.8312594672604726,63,,,,
3.850781647161323,9101.0,2131.92,-0.2515502804041688,0.6939037188563317,0.6902667431290308,63,,,,
3.851113659819091,9111.0,2131.6400000000003,-0.22537891625341921,0.11952455679643816,0.4473748470377477,62,,,,
3.8511823803406884,9121.0,2131.44,-0.1925734575894668,0.024739387775058623,0.3551664689922637,62,,,,
3.851210055588753,9126.0,2131.32,-0.15839233523283996,0.01992617860671062,0.24828050712359215,65,,,,
3.851257485968192,9129.0,2131.2400000000002,-0.12578115154032116,0.056916455326388546,0.24800862024074757,68,,,,
3.851365868328254,9137.0,2131.2799999999997,-0.09608221373155053,0.04877206202795838,1.1420608226535327,68,,,,
3.8522000041109434,9142.0,2131.44,-0.06917990843839739,0.6005777635362851,1.2239482850920118,68,,,,
3.8531730583398596,9149.0,2131.6,-0.054794102745595506,0.5004278891568514,1.31486908159374,69,,,,
3.855355022944331,9155.0,2131.68,-0.04532886355353638,1.309178762682858,2.1410476609867506,69,,,,
3.858599520879985,9156.0,2131.68,-0.04193444870050091,11.680192568352254,2.244150794943263,68,,,,
3.8618757046825327,9163.0,2131.5600000000004,-0.036527950090018954,1.6848945270245608,2.334433813588489,68,,,,
3.864672159932227,9170.0,2131.12,-0.04798086489477439,1.4381769855571065,2.4184603154350937,66,,,,
3.8678559278452367,9171.0,2130.6,-0.060541595857632524,11.461564486834138,2.504276496377977,66,,,,
3.87008430852715,9175.0,2130.12,-0.08056342107707525,2.005542613721785,2.5150571716360623,66,,,,
3.8717855740614087,9178.0,2129.92,-0.09919340148196083,2.0415186411103603,2.4699899301646147,68,,,,
3.8742423199828013,9182.0,2129.7599999999998,-0.1284785642955384,2.2110713292534303,1.563127783053531,71,,,,
3.876892917344366,9185.0,2129.8,-0.16217916972552268,3.1807168338778657,1.5373346012797362,72,,,,
3.879225838529907,9193.0,2129.6400000000003,-0.1871074776192761,1.049814533493483,1.4850598277902036,70,,,,
3.8811591129378127,9200.0,2129.4,-0.2076683369287422,0.9942554097798623,0.7913461562525398,68,,,,
3.882520056805422,9211.0,2128.92,-0.22776064504220658,0.44539981121767686,0.9590116892196768,68,,,,
3.883364854827824,9213.0,2128.28,-0.2577873143590924,1.5206364403232686,0.9852214990476987,67,,,,
3.884134252271928,9218.0,2127.6,-0.28701039072438644,0.5539661597549843,1.0151743778280748,65,,,,
3.8852070464135444,9221.0,2127.0,-0.3260917330698143,1.2873529699394028,1.1592502459269132,64,,,,
3.8864748610760835,9223.0,2126.4800000000005,-0.35276388344739884,2.2820663925707096,1.2144867474461472,65,,,,
3.887969154715505,9229.0,2126.0,-0.37970893734064326,0.8965761836528424,1.4564523694617804,65,,,,
3.889640152423828,9236.0,2125.5600000000004,-0.38639006427135825,0.8593702499948539,1.5123424959158807,65,,,,
3.891309225218707,9239.0,2125.12,-0.37820970412602906,2.002887353854289,1.4838420011642186,65,,,,
3.8927265651426097,9246.0,2124.72,-0.3841493919348312,0.7289176751501104,1.4727086194333923,65,,,,
3.8938651295466267,9248.0,2124.28,-0.3999608990031779,2.0494159272302657,1.4209502987936622,66,,,,
3.8947722664080575,9254.0,2123.92,-0.4250319403980116,0.5442821168584452,1.189258802072718,67,,,,
3.8951864758471295,9257.0,2123.6400000000003,-0.45656384969284175,0.4970513268864515,1.1266741361944272,68,,,,
3.8955977841065335,9262.0,2123.2400000000002,-0.5092780810855271,0.29614194677082945,1.0435192163356983,72,,,,
3.8959974389485397,9264.0,2122.84,-0.5408335419178358,0.7193787156114378,0.8682620502784284,74,,,,
3.8964842338125987,9269.0,2122.44,-0.5610316209506285,0.3504923021224685,0.8241187068489703,75,,,,
3.8968960482524793,9272.0,2122.0,-0.5452618158243264,0.4941773278569321,0.6050612035644042,75,,,,
3.897623905836865,9281.0,2121.4,-0.5287940710980095,0.2911430337543352,0.5743027872091166,75,,,,
3.898274099965169,9284.0,2120.88,-0.5047782004047732,0.7802329539646604,0.5752286772247682,75,,,,
3.899017110970113,9291.0,2120.4,-0.4619239918491546,0.3821199453998708,0.7110174643832121,75,,,,
3.9002134850604215,9300.0,2120.16,-0.4081208948344224,0.4785496361234341,0.7523689285849257,75,,,,
3.9015422794979826,9313.0,2119.96,-0.3776547605620732,0.3679738442476736,0.7589937597396421,74,,,,
3.902747318964327,9320.0,2119.88,-0.3470698108256578,0.6197345826914622,1.069430155767261,73,,,,
3.9043105873531503,9323.0,2119.8,-0.3034573325720086,1.8759220665876704,1.1023677874060591,70,,,,
3.905594671093231,9326.0,2119.7599999999998,-0.2853085250495505,1.5409004880968264,1.3469062703617358,69,,,,
3.906741409402646,9333.0,2119.4,-0.28330278035824125,0.5897511305561354,1.3397119239500521,69,,,,
3.907780366887748,9334.0,2119.0,-0.3164803476711178,3.7402469463683143,1.3386884780536001,69,,,,
3.9086621351307853,9340.0,2118.56,-0.3637209895596135,0.5290609458223091,1.3958546453414244,68,,,,
3.909299631627192,9341.0,2118.08,-0.42272549525992587,2.2949873870645416,1.4172766299366282,68,,,,
3.909886232311206,9347.0,2117.6,-0.47827040562615986,0.35196041040829,1.3627905501563684,67,,,,
3.910542906271075,9351.0,2117.08,-0.5370816439567793,0.5910065638820997,1.3200867436725188,66,,,,
3.9113170938012605,9354.0,2116.4800000000005,-0.5613951723323308,0.9290250362226085,1.396343354383943,67,,,,
3.912228502443245,9358.0,2115.88,-0.5699600606456079,0.8202677777861164,1.2529079350592938,67,,,,
3.9133525883601745,9362.0,2115.2799999999997,-0.5734070636907,1.0116773252366964,1.3167523353565227,68,,,,
3.9145317165490887,9368.0,2114.64,-0.5632669554239012,0.7074769133484142,1.6797522334058814,69,,,,
3.915731629808542,9372.0,2114.0,-0.5498845378646245,1.0799219335076462,1.7588077444042554,69,,,,
3.916822703640986,9374.0,2113.4399999999996,-0.5227822837943021,1.9639328984001172,2.2641998855727903,69,,,,
3.9182174240822083,9379.0,2112.84,-0.482648353820856,1.004198717680053,2.2389434016289513,70,,,,
3.9195496058700634,9380.0,2112.32,-0.44423257862431714,4.7958544362791145,2.181957217402356,70,,,,
3.92102928666302,9386.0,2111.8,-0.40454233553488417,0.8878084757740091,2.2580307634164667,71,,,,
3.922384926995796,9387.0,2111.3599999999997,-0.3497467779869615,4.880305197994937,2.264626690699558,71,,,,
3.9236982742185376,9392.0,2110.96,-0.29417191436209916,0.9456100003737606,2.6802884929822226,71,,,,
3.925072295295427,9400.0,2110.48,-0.2432590621924587,0.6183094846002627,2.5925877782007403,69,,,,
3.9264497770114195,9401.0,2110.04,-0.17260808809321737,4.9589341775729014,3.611082375213955,69,,,,
3.9286875814403213,9405.0,2109.88,-0.10695915255632087,2.014023986011682,3.1234183770711708,69,,,,
3.93076625251512,9406.0,2109.84,-0.06115646311303621,7.483215869276222,3.161499708220625,69,,,,
3.9340031404058067,9413.0,2109.9199999999996,-0.02555997069242342,1.6646852009245465,2.699254753033865,70,,,,
3.937263223867182,9414.0,2110.4,-0.0040137994448363615,11.73630046095023,2.638753014594782,69,,,,
3.9404820857166296,9419.0,2110.9199999999996,-0.01325933774013365,2.317580531602265,2.7096008886009018,68,,,,
3.942534462815517,9422.0,2111.04,-0.04978394371983695,2.4628525186647976,2.6163609075314587,68,,,,
3.944462262458134,9425.0,2111.12,-0.09174267723696368,2.313359571140594,2.542415814225648,67,,,,
3.945329319764363,9431.0,2111.04,-0.1678658383513633,0.5202343837373377,2.038621458600416,70,,,,
3.9457380073393407,9432.0,2110.56,-0.2723086521424878,1.4712752699194025,1.9201678739120431,70,,,,
3.946123480817026,9434.0,2109.96,-0.4025092127227352,0.6938522598336001,0.8000341746190699,70,,,,
3.9464103432649136,9443.0,2109.6,-0.5387843817007736,0.11474497915505795,0.6761779949979548,73,,,,
3.946579386542519,9445.0,2109.1600000000003,-0.7241249883438082,0.304277899689676,0.5482006373891144,73,,,,
3.9469118168294934,9453.0,2108.72,-0.886819462442786,0.1495936291384618,0.5708018585444249,74,,,,
3.9473258110629605,9459.0,2108.32,-1.030469369654698,0.24839654008013795,0.5678656870711603,72,,,,
3.94773980530638,9461.0,2107.9199999999996,-1.118022503383768,0.7451896381550722,0.49202004654032594,72,,,,
3.948176705269119,9466.0,2107.3199999999997,-1.173454169558842,0.31456797317174057,0.4033000207705449,72,,,,
3.9488265110530483,9468.0,2106.8,-1.227307499430697,1.1696504110731702,0.4005701559024331,71,,,,
3.9490326725966813,9473.0,2106.2799999999997,-1.2530882938218957,0.1484363114156897,0.5207900837934399,71,,,,
3.94933795532984,9477.0,2105.84,-1.2732465896032925,0.27475445984279323,0.5250092082771968,71,,,,
3.9494709274641253,9483.0,2105.44,-1.2120698046566305,0.07978328057123475,0.6836518348289458,69,,,,
3.949697726878611,9492.0,2105.0800000000004,-1.089235068266428,0.09071976579433816,0.6413673674086724,68,,,,
3.950076148842291,9493.0,2104.7200000000003,-0.8646231728502116,1.3623190692474922,0.680783703107167,68,,,,
3.9504392264713397,9500.0,2104.3199999999997,-0.6622155094366905,0.1867256377963877,0.6435864636686468,69,,,,
3.9508023041002573,9501.0,2104.16,-0.45512670335248,1.307079464104073,0.650955679917437,69,,,,
3.9512195560090455,9505.0,2104.2,-0.3418573115186683,0.375526717909383,0.6936379942366628,66,,,,
3.9516461175344286,9507.0,2104.3599999999997,-0.3162711624364213,0.7678107456896581,0.700211183893194,66,,,,
3.9521329114440227,9509.0,2104.5199999999995,-0.3355184947612674,0.8762290372689503,0.7332609397071411,68,,,,
3.9524490343802423,9515.0,2104.7200000000003,-0.36969710843105663,0.18967376173173225,0.6166271079285823,71,,,,
3.9527503364652836,9517.0,2104.68,-0.3889268431426984,0.5423437530741437,0.6533853304199759,72,,,,
3.9529974245926587,9525.0,2104.3599999999997,-0.4621530659228495,0.11118965731882957,0.558891609071033,72,,,,
3.953315413512368,9528.0,2103.92,-0.5701294772969826,0.3815867036508584,0.5455887904835526,71,,,,
3.95350199056879,9530.0,2103.4399999999996,-0.6736631821178181,0.33583870155940626,0.5359546246195679,68,,,,
3.9539271825239495,9533.0,2102.96,-0.7938296293688452,0.5102303461914907,0.4842834979177771,68,,,,
3.9543788288364756,9535.0,2102.5600000000004,-0.9270388685909957,0.8129633625470776,0.4906308835342286,67,,,,
3.9548054498357805,9541.0,2102.2,-1.0266198276131127,0.2559725995829823,0.453018185018362,64,,,,
3.955125826101695,9543.0,2101.96,-1.045165822311267,0.5766772786459752,0.5669135802156264,63,,,,
3.955556415631756,9547.0,2101.6400000000003,-1.039221877787464,0.3875305770550316,0.5401444039104769,60,,,,
3.9557807110314616,9550.0,2101.3199999999997,-1.0243046406671037,0.2691544796466398,0.5529272252522468,60,,,,
3.9564904255661735,9558.0,2100.8399999999997,-1.0335262596522887,0.3193715406204312,0.5163690644604777,63,,,,
3.95712376603853,9560.0,2100.4,-1.0250749728738726,1.140012850241605,0.43583592442289765,63,,,,
3.9575293060189036,9570.0,2099.96,-1.033162077009109,0.1459943929344701,0.41228147335563825,61,,,,
3.9577783831185562,9572.0,2099.48,-1.0847722818822594,0.44833877937476213,0.4086004456372912,61,,,,
3.958249599010619,9581.0,2098.88,-1.0724531667689496,0.18848635682498632,0.4758787508122614,60,,,,
3.9584522117822183,9588.0,2098.4,-1.0423351661399252,0.10420085396551522,0.47508416804967435,59,,,,
3.958573893532721,9597.0,2097.9199999999996,-0.9703980253508468,0.048672700201161684,0.8516257840902863,60,,,,
3.9590274610286347,9600.0,2097.2799999999997,-0.9008513548990431,0.5442809950961658,0.8173630906517397,60,,,,
3.9595717048472037,9602.0,2096.8,-0.8145735463196899,0.9796388734244069,1.0233636672534279,61,,,,
3.9600814632261567,9609.0,2096.3599999999997,-0.7276174578440985,0.2621614520331114,1.1077497211973037,61,,,,
3.9610907046571397,9610.0,2095.92,-0.6114079601554234,3.6332691515389106,1.2927943838529983,62,,,,
3.9629539735322434,9618.0,2095.4,-0.5245847318066115,0.8384709937967486,1.350164288218124,61,,,,
3.9650740826554842,9623.0,2094.92,-0.4353352495490558,1.5264785687334923,1.5347403299880304,61,,,,
3.9676192682167715,9630.0,2094.2799999999997,-0.32556214101219594,1.3089525743762296,1.5774361757413682,60,,,,
3.969499385721487,9632.0,2093.6400000000003,-0.24867068364651662,3.3842115084878963,1.575691903526369,61,,,,
3.9719686569591564,9637.0,2093.12,-0.17604718940319125,1.7778752911219813,1.6819194685004644,60,,,,
3.9743212707708224,9639.0,2092.8,-0.10066421725120109,4.2347048609992255,2.435092452758898,60,,,,
3.976771101572814,9646.0,2092.8,-0.023188850800272182,1.259912983881403,2.4735054721155074,61,,,,
3.978837590387089,9655.0,2093.04,0.037930166756221594,0.8265955257098965,2.333965898213322,61,,,,
3.981061763660591,9667.0,2093.48,0.10709129978309688,0.6672519820507008,2.431770638020417,63,,,,
3.98229397258264,9668.0,2094.0,0.15769454925537046,4.435952119375417,2.3676489980998934,64,,,,
3.982927251221724,9673.0,2094.4800000000005,0.18247970434051708,0.4559606201405662,2.3733176884059812,67,,,,
3.9831582413316364,9676.0,2094.8,0.18764616557598066,0.2771881318946808,2.227681678031474,68,,,,
3.9833830585172545,9677.0,2095.08,0.178325976310442,0.8093418682250988,2.2731730980150813,69,,,,
3.983835860771348,9680.0,2095.2,0.15695541137858826,0.5433627049121825,2.2328238607624855,72,,,,
3.984275177745871,9685.0,2095.2,0.13575556345303297,0.31630822165666805,2.102233807202327,73,,,,
3.9847659015762513,9693.0,2095.16,0.10488616251913405,0.22082572367101463,1.169878767945775,70,,,,
3.9852323937861063,9695.0,2095.12,0.08405808875112766,0.8396859777388364,1.4553588288099308,66,,,,
3.985740525507669,9699.0,2095.08,0.05751510131285529,0.4573185494068153,1.4623781250067613,63,,,,
3.9857879558923064,9703.0,2095.12,0.03198894578899698,0.04268734617333915,1.3231107572438636,60,,,,
3.9863239751489163,9704.0,2095.16,0.025264360547685098,1.9296693237965918,1.4434580133509063,57,,,,
3.987219009560566,9705.0,2095.32,0.0352624827016602,3.222123881940081,1.819763711308228,57,,,,
3.988096951172907,9710.0,2095.3599999999997,0.04843839250897398,0.6321179608856488,1.97866509061651,56,,,,
3.9893423379461246,9718.0,2095.44,0.0734190655319349,0.5604240479479135,2.01610466262457,57,,,,
3.9912409114746326,9723.0,2095.56,0.0965447845173841,1.3669729405255875,3.1106631394888233,60,,,,
3.9930781695629185,9726.0,2095.6800000000003,0.10780682466300887,2.2047097059432943,3.309872742401447,62,,,,
3.994534474886072,9732.0,2095.7200000000003,0.13235735899559622,0.873783193892144,3.2229495423416012,64,,,,
3.9958064086661746,9738.0,2095.92,0.143320991085589,0.7631602680616302,3.288353891411062,64,,,,
3.9969982746991555,9739.0,2096.12,0.16460572004061363,4.29071771873144,3.5875346946784203,64,,,,
3.9977902097308062,9743.0,2096.36,0.17756205563460342,0.7127415284855215,3.7002476357473055,65,,,,
3.998630312565989,9749.0,2096.7599999999998,0.18077871348903699,0.5040617011097798,5.258231604725175,65,,,,
3.9999900071298473,9752.0,2097.16,0.18553279127346906,1.6316334766301848,7.091685500099603,64,,,,
4.0014068256405695,9756.0,2097.52,0.1921678999405524,1.2751366596503388,7.513577057514896,64,,,,
4.002694764465213,9763.0,2097.8399999999997,0.19744341577323082,0.6623685383878882,7.915789319381064,67,,,,
4.004595499562297,9764.0,2098.08,0.21706300539571494,6.842646349505368,8.583031410592138,69,,,,
4.006805348974047,9765.0,2098.3599999999997,0.23906741605086984,7.955457882298467,8.836912335202577,72,,,,
4.008719155565398,9769.0,2098.56,0.23739259392848258,1.7224259322161501,9.331113790735586,73,,,,
4.011399391124107,9775.0,2099.0,0.24020813454958642,1.6081413352257665,9.349056503583038,74,,,,
4.014294347625167,9777.0,2099.7200000000003,0.22842771502539483,5.210921701907729,9.037765669093815,74,,,,
4.016770429709438,9783.0,2100.5199999999995,0.19485670513294145,1.4856492505624879,8.85203040522013,73,,,,
4.018862033583797,9786.0,2101.04,0.15146293441707884,2.5099246492298524,7.049153290727782,73,,,,
4.021006438569218,9789.0,2101.5600000000004,0.09937839726055638,2.573285982505555,4.7699741592500855,73,,,,
4.022188429040343,9796.0,2101.76,0.03324909612182616,0.6078808137211701,4.2158264447966936,75,,,,
4.022705434298285,9801.0,2101.6,-0.07061259558550328,0.3722437857179434,3.6501614730030143,78,,,,
4.022984723243315,9804.0,2101.3199999999997,-0.2300198070131053,0.3351467340365353,1.8354021730198924,81,,,,
4.023078328682533,9813.0,2101.04,-0.43095694031056764,0.0374421756869005,1.4170119399721217,80,,,,
4.023426040156562,9815.0,2100.7200000000003,-0.59661864395614,0.6258806532535991,0.8048127302503806,80,,,,
4.023660906856333,9819.0,2100.4,-0.7210118369580091,0.21138002979357745,0.31834471936489633,77,,,,
4.023780153102152,9822.0,2100.04,-0.8163078739838975,0.14309549498312202,0.25781048285079533,75,,,,
4.024270629827203,9827.0,2099.6,-0.7872924109144079,0.3531432420373448,0.2618149972270557,74,,,,
4.024551546077999,9831.0,2099.24,-0.6968195840071069,0.25282462571539105,0.25463667635714293,74,,,,
4.024865315014263,9839.0,2099.0,-0.5929692875344077,0.14119602131880477,0.26109448750266906,72,,,,
4.025073941891911,9845.0,2098.8,-0.3970283226765006,0.12517612658884888,0.7346387343185184,75,,,,
4.025439058835118,9847.0,2098.84,-0.14067022203065632,0.6572104977712938,1.001798981719814,75,,,,
4.025605110515662,9856.0,2099.0000000000005,0.06595078569542553,0.06642067221781854,1.0450853995406992,74,,,,
4.025674652809369,9865.0,2099.1600000000003,0.28634214304685496,0.027816917482707683,1.2751167780028196,77,,,,
4.025874111548903,9866.0,2099.48,0.4730829901898206,0.7180514623249322,1.332976654108767,77,,,,
4.026166151369662,9869.0,2099.84,0.5429733430838761,0.3504477849093916,1.5310270083781155,77,,,,
4.026405038660924,9881.0,2100.0199999999995,0.5859154852218953,0.07166618737877863,1.999739843246423,76,,,,
4.026675995262236,9884.0,2100.1400000000003,0.5399844022699845,0.32514792157498257,2.0499475958827995,77,,,,
4.0268422158973305,9889.0,2100.2599999999998,0.45855560146427665,0.11967885726794025,2.153943847969755,82,,,,
4.026941051625744,9890.0,2100.1800000000003,0.39876440664255397,0.3558086222870513,2.333563449810392,89,,,,
4.027272822758641,9891.0,2099.98,0.2706285688737125,1.1943760784303745,1.8587396540407606,92,,,,
4.027458142685124,9893.0,2099.7599999999998,0.1256902350132448,0.33357586767037667,1.6951353043201312,96,,,,
4.02803639756752,9896.0,2099.56,0.07117361987000044,0.6939058588751482,1.831695680850259,97,,,,
4.029222634833925,9899.0,2099.64,0.04007955172024412,1.4234847196850349,1.850002736753075,96,,,,
4.03103475972776,9908.0,2099.8,-0.004720578193398311,0.7248499575340046,2.007294072417297,95,,,,
4.03350815375469,9916.0,2100.2400000000002,0.017827450360800013,1.1130273121186933,2.181263222178034,95,,,,
4.0361736388783225,9923.0,2100.68,0.04902971912004073,1.3708209207252116,1.7265273698604666,93,,,,
4.038568785740987,9928.0,2101.16,0.07320951859548093,1.724505741117997,1.6679053366684777,94,,,,
4.040681499085862,9933.0,2101.2400000000002,0.06644378152935093,1.5211536083102364,1.5749324590133695,97,,,,
4.0423828585671675,9935.0,2101.2400000000002,0.03156480034204827,3.0624470663504217,1.5245445885298003,97,,,,
4.0433645699920895,9944.0,2101.12,-0.027659652657943568,0.3926845699689522,1.4890748794696775,95,,,,
4.044396034629554,9953.0,2101.04,-0.12304744994534707,0.4125858549858909,1.558445332312557,95,,,,
4.045593947569922,9963.0,2100.72,-0.22215304751630355,0.4312486585324314,1.438235024073116,92,,,,
4.046495779028348,9965.0,2100.44,-0.2976812602140384,1.6232966251664278,1.2492454437291252,91,,,,
4.04692342691447,9970.0,2100.0,-0.3396543813115781,0.30790647800800075,1.100691417292795,88,,,,
4.047337551989868,9971.0,2099.4,-0.37896349207613494,1.4908502714349403,1.301399838169332,88,,,,
4.047921284983044,9975.0,2098.7200000000003,-0.4176666058538153,0.5253596938584997,1.3714409536902925,87,,,,
4.048514716551409,9978.0,2098.24,-0.4645407182065952,0.7121178820387194,1.4963361862071656,87,,,,
4.049912947331472,9984.0,2097.8399999999997,-0.5005640437359515,0.8389384680374101,1.6205905107674803,85,,,,
4.051352310056882,9985.0,2097.4,-0.5369951149470384,5.181705811476096,1.5638917585824434,85,,,,
4.052840285739013,9991.0,2096.84,-0.5479511647343208,0.8927854092783131,1.6660587964687141,85,,,,
4.054567813710254,9996.0,2096.16,-0.526343988966977,1.24382013929374,1.7867901387199812,84,,,,
4.056284367860282,10001.0,2095.32,-0.4957447167349012,1.2359189880193453,1.7819233785884787,84,,,,
4.057689112874921,10009.0,2094.44,-0.47631828599714554,0.6321352565877151,2.1726235133411866,84,,,,
4.059030051676227,10014.0,2093.5999999999995,-0.4600597839481785,0.9654759369400491,2.283107334184069,83,,,,
4.060250851039609,10016.0,2092.9199999999996,-0.44811429050629215,2.1974388540893486,2.369490716924167,83,,,,
4.06119922506604,10023.0,2092.2799999999997,-0.4395527453921947,0.4877352135926692,2.3831974315059243,83,,,,
4.062140532574742,10024.0,2091.8399999999997,-0.4188179214697333,3.388707031327114,2.364302513827215,84,,,,
4.064242720709831,10029.0,2091.48,-0.38819031125758063,1.5135754572637468,2.381170158772016,83,,,,
4.066367806871499,10030.0,2091.0,-0.36223069223452936,7.650310182006859,2.524471381554509,83,,,,
4.068388185154941,10037.0,2090.32,-0.3382799268661453,1.0390516886273382,2.543303785422519,83,,,,
4.070416271138681,10043.0,2089.7200000000003,-0.32087538219981115,1.2168515902440602,2.6976615444111003,83,,,,
4.07329906811705,10049.0,2089.0800000000004,-0.3098706764339954,1.7296781870213205,2.8503141735507316,83,,,,
4.075230653320393,10052.0,2088.32,-0.3168951483845727,2.317902244010698,2.535536855362338,83,,,,
4.077069999847309,10057.0,2087.6800000000003,-0.3497451860187546,1.3243294993797972,2.44572073423538,85,,,,
4.079045449136758,10059.0,2087.2,-0.38043267318714374,3.5558087210076694,1.924436629175783,84,,,,
4.080809943239988,10063.0,2086.7200000000003,-0.4022469972746891,1.58804469290675,1.8848597055869973,85,,,,
4.081817586070931,10066.0,2086.2,-0.42168975971091244,1.2091713971326647,1.9466304969385635,86,,,,
4.0827033121858305,10070.0,2085.48,-0.44108923414967516,0.7971535034088351,2.110910070438162,90,,,,
4.08358321331203,10073.0,2084.72,-0.43794528355035506,1.0558813514395464,2.0971327392276513,92,,,,
4.084304143031498,10078.0,2083.92,-0.4270319079085441,0.5190693980168518,2.4435115145071276,92,,,,
4.085364200761438,10081.0,2083.2,-0.4198670539562043,1.2720692759276535,2.4932093701459523,91,,,,
4.0866303740291485,10083.0,2082.44,-0.4125597862121416,2.2791118818783747,2.3946695260536712,90,,,,
4.088322566155872,10087.0,2081.88,-0.4010667773847114,1.5229729140515107,2.417548360718022,87,,,,
4.090513469774487,10089.0,2081.4800000000005,-0.3685871338032845,3.9436265135077173,2.660097962529191,85,,,,
4.09306227701058,10091.0,2081.12,-0.34334038892406643,4.587853024965178,2.707393737106346,84,,,,
4.095415584421094,10098.0,2080.7200000000003,-0.3255837387435706,1.2102723825501616,2.771754034340292,81,,,,
4.0976012513916,10102.0,2080.32,-0.32118068561436497,1.9671002734557466,2.68252047458585,82,,,,
4.099541823334727,10104.0,2079.96,-0.32430574676987445,3.493029497627948,2.4389919759977223,84,,,,
4.100960122331922,10107.0,2079.44,-0.35133923703024805,1.701958796634658,2.5611664961584073,85,,,,
4.101808737638869,10110.0,2078.8399999999997,-0.3919593904860377,1.0183383683363463,2.1078255150407434,83,,,,
4.102535696918107,10114.0,2078.24,-0.4442923033790837,0.654263351313559,1.7161682175710635,83,,,,
4.10335234029765,10118.0,2077.6,-0.5050325612000408,0.7349790415885132,1.711713247208214,83,,,,
4.10417411778355,10119.0,2076.9199999999996,-0.5685032224559312,2.9583989492393687,1.6329371181070056,83,,,,
4.1048841092339075,10125.0,2076.2400000000002,-0.6528550713736744,0.4259948702145534,1.440668229628882,82,,,,
4.10583808111376,10128.0,2075.4800000000005,-0.7256468717096107,1.1447662558225133,1.3682557665633914,83,,,,
4.1070182475118235,10132.0,2074.6,-0.7831740920207327,1.062149758257675,1.3078577698621419,82,,,,
4.10847895252374,10137.0,2073.68,-0.8197693204735993,1.051707608579939,1.3223624807588128,82,,,,
4.110104893572313,10141.0,2072.56,-0.8365454141612686,1.4633469437159117,1.3197677593892512,82,,,,
4.11136394661738,10145.0,2071.4399999999996,-0.833421038342071,1.1331477405600558,1.3314155318018837,81,,,,
4.112336136247681,10150.0,2070.3599999999997,-0.8216352782150077,0.699976533816648,1.3403943875529425,83,,,,
4.113139041184551,10153.0,2069.44,-0.781777854181106,0.963485924244989,1.3583587841124516,84,,,,
4.113930311417833,10157.0,2068.64,-0.7376014287968925,0.7121432099532073,1.413700288857835,84,,,,
4.114780564083815,10158.0,2068.0,-0.6896595729647303,3.060909597535366,1.379792995915696,85,,,,
4.115762541006329,10165.0,2067.44,-0.626022103001483,0.5050167030071495,1.4551993206854876,84,,,,
4.116848264969493,10168.0,2067.08,-0.5574427882370161,1.3028687557961902,1.5583442982589895,84,,,,
4.118139268057336,10171.0,2066.6400000000003,-0.5119703542330325,1.549203705411764,1.5667334263288288,83,,,,
4.1192553892711,10177.0,2066.2,-0.4846515071660705,0.669672728258311,1.8552867804863418,83,,,,
4.120753414616917,10180.0,2065.7200000000003,-0.47491685756164437,1.797630414981507,1.8862707040533273,83,,,,
4.122209725426643,10183.0,2065.3200000000006,-0.47773987850200966,1.7475729716710844,1.558470606058254,83,,,,
4.123499405833313,10189.0,2064.7599999999998,-0.5010228058916233,0.773808244002255,1.5806802744618276,83,,,,
4.124472463998085,10190.0,2064.2,-0.5399546806871302,3.5030093931779973,1.4976166636998625,82,,,,
4.125293154836354,10193.0,2063.6,-0.5566085142850514,0.9848290059222756,1.4017476456492663,83,,,,
4.125586455240092,10199.0,2062.96,-0.5661387022567186,0.1759802422431895,1.5336212663448017,81,,,,
4.126170189682943,10202.0,2062.12,-0.5587498318717452,0.7004813314214384,1.8891980879686965,78,,,,
4.126805562880502,10206.0,2061.28,-0.54417322208816,0.5718358778030971,1.8486382982748821,79,,,,
4.127785385065771,10211.0,2060.52,-0.5085089045879814,0.7054719733933177,1.98111679247009,78,,,,
4.129542817818591,10215.0,2059.76,-0.46933019537558485,1.5816894775383743,1.930284184410605,76,,,,
4.13182463564086,10217.0,2059.12,-0.4249084707384852,4.107272080082925,1.8873517605389925,76,,,,
4.133856251385882,10222.0,2058.6400000000003,-0.3760974017279205,1.4627633364155377,2.464777354151777,75,,,,
4.137054179135078,10227.0,2058.2,-0.3126163735411921,2.3025079794217413,2.4634195512338706,77,,,,
4.140190072879253,10229.0,2057.7599999999998,-0.24975924795808982,5.644608739514962,2.500020354810089,77,,,,
4.143655425471822,10237.0,2057.2799999999997,-0.2029480551222104,1.5594086666558968,2.500803859206443,77,,,,
4.146976605185018,10238.0,2056.92,-0.1635008640829874,11.95624696750547,2.4159545358072494,78,,,,
4.150422950661946,10244.0,2056.6,-0.14028055097884962,2.0678072861567593,2.0586591075700467,80,,,,
4.152594698703456,10247.0,2056.3599999999997,-0.12883357078228255,2.6060976498115256,1.9877003471460022,83,,,,
4.15478281548937,10251.0,2056.12,-0.11611209351225873,1.9693051073227978,2.727742667616205,84,,,,
4.156406916278438,10253.0,2055.88,-0.09905064550483623,2.9233814203206188,2.58873025655652,87,,,,
4.157649077151028,10254.0,2055.56,-0.07597067003138677,4.471779141326621,2.6839838002675487,88,,,,
4.159753520810841,10258.0,2055.24,-0.05516066721608339,1.8939992938314387,2.3039173841944223,89,,,,
4.162978778594141,10259.0,2055.0800000000004,-0.03488424228598196,11.610928019881722,2.9617559840307695,89,,,,
4.1671375326068105,10265.0,2055.08,-0.02251908244355053,2.495252407601788,3.1071093441312607,88,,,,
4.1711615700704385,10273.0,2055.2400000000002,-0.012282100878634043,1.8108168586327071,3.5475127597448135,87,,,,
4.17608536269919,10281.0,2055.4800000000005,-0.0024427188607441114,2.215706682938152,3.893434383318978,87,,,,
4.179938959819214,10283.0,2055.76,0.011006938991429297,6.936474816042417,4.3966895607786345,87,,,,
4.182762950704572,10288.0,2055.88,0.02567415748744505,2.033273437457498,4.620468811724626,90,,,,
4.184968614938361,10290.0,2055.92,0.03659322736782577,3.970195620819494,4.0096435361506995,91,,,,
4.188798998239468,10294.0,2055.96,0.04459758782439072,3.4473449709960096,4.383475306062081,94,,,,
4.193159256090811,10297.0,2056.04,0.047976872932308415,5.23230942161196,6.9945374835600465,95,,,,
4.198491020031373,10305.0,2056.2,0.049428238860230456,2.3992937732527957,7.275178665001445,95,,,,
4.203821567348194,10313.0,2056.44,0.051809272472339615,2.3987462925695255,7.261416811123718,94,,,,
4.210002535294026,10319.0,2056.8,0.06309930607431781,3.708580767499642,7.801908286799235,95,,,,
4.2152170131883056,10320.0,2057.2,0.07570742110800682,18.7721204194048,7.896318839586054,95,,,,
4.219635062912837,10326.0,2057.6,0.09260010825482037,2.6508298347190062,8.083493962073671,97,,,,
4.223588951479614,10330.0,2058.04,0.10631972982086926,3.5584997100992255,7.664289700852376,99,,,,
4.227738436498136,10334.0,2058.6,0.11331509299133755,3.734536516670168,7.51959927245135,100,,,,
4.231052675253076,10338.0,2059.0800000000004,0.10940147467819275,2.9828148794458285,7.3856042681305,101,,,,
4.233942749338353,10341.0,2059.6400000000003,0.09635045172032511,3.4680889023332635,7.119470306715502,102,,,,
4.236018778488617,10345.0,2060.08,0.0790886913264796,1.8684262352377619,4.430301107840354,105,,,,
4.237412865074578,10349.0,2060.3599999999997,0.06512018637282184,1.2546779273651139,4.030546148797961,107,,,,
4.239148206056366,10353.0,2060.4,0.04380422678689192,1.5618068836086563,3.4789422703418333,104,,,,
4.241417588190477,10356.0,2060.2799999999997,0.0194302186170658,2.723258560933253,2.864519542109382,103,,,,
4.24353921515577,10365.0,2060.0800000000004,0.0018698242919243727,0.8486507861171224,2.351120033747656,104,,,,
4.245878518951249,10372.0,2059.96,-0.025127224900600563,1.203070523389278,1.946225140625184,102,,,,
4.248830887162196,10376.0,2059.6800000000003,-0.05387160792431204,2.657131389852121,1.6958026067405707,99,,,,
4.251516527458055,10379.0,2059.4,-0.07592611552006504,3.2227683550305586,1.6715397708399067,97,,,,
4.254357348664387,10384.0,2059.2799999999997,-0.08508174044983349,2.0453912685589444,1.6324998023658863,95,,,,
4.257435673714536,10386.0,2059.0,-0.09357780801150169,5.5409850902676965,1.3870569356411147,94,,,,
4.261358459354525,10395.0,2058.6,-0.09410815054428914,1.5691142559955094,1.3494268095307125,93,,,,
4.26545155557894,10399.0,2058.2799999999997,-0.09209478160629292,3.683786601973909,1.2553056003524923,90,,,,
4.269352734223376,10403.0,2058.0800000000004,-0.08441179779791874,3.511060779992424,1.2961737311933292,89,,,,
4.271947944584428,10410.0,2057.7200000000003,-0.07809910537109953,1.3346796142555242,1.173915570302932,88,,,,
4.273821901471742,10417.0,2057.4800000000005,-0.08437163263825113,0.9637492563322672,1.151048213887704,87,,,,
4.2739852303226415,10424.0,2057.4,-0.08780334647246103,0.08399769474855578,0.9381922234432001,84,,,,
4.275247614933544,10425.0,2057.3199999999997,-0.09517642656931909,4.5445845992496965,0.8961523291145694,83,,,,
4.278099055377154,10434.0,2057.2400000000002,-0.10209545078214866,1.1405761774436152,0.9459589208117569,82,,,,
4.280695340064895,10439.0,2057.04,-0.10966582675120944,1.8693249751739733,0.826623733147998,82,,,,
4.283287558041438,10448.0,2056.8,-0.09612309668820417,1.0368871906168549,0.856041675957371,80,,,,
4.2851193362238185,10459.0,2056.4,-0.0784655688767262,0.5994910415064453,0.9314294609192949,80,,,,
4.287229100873316,10461.0,2056.0,-0.06364822089399381,3.7975763690951565,1.2512002059561975,80,,,,
4.288873610888758,10468.0,2055.64,-0.047619515680536906,0.8457480079414226,1.5349037719140917,82,,,,
4.290991159986957,10474.0,2055.6400000000003,-0.029745619623967066,1.2705294589196896,1.6506832018830948,81,,,,
4.293256407968301,10480.0,2055.84,-0.011667531154147528,1.3591487888064309,1.7552167786437756,82,,,,
4.2958381320168275,10483.0,2056.12,0.005712778081228385,3.098068858231693,2.457190255329162,82,,,,
4.29902358761488,10486.0,2056.44,0.03469399861627441,3.8225467176636756,3.033480832625262,82,,,,
4.301631283551336,10495.0,2056.8,0.06577217843175835,1.043078374582177,3.0861621897112577,81,,,,
4.304100249755997,10504.0,2057.0,0.09119135207221024,0.9875864818646197,3.7602501109702358,80,,,,
4.307172644849346,10507.0,2057.12,0.10670023945959699,3.6868741120182755,4.892497993433343,79,,,,
4.310392152121111,10511.0,2057.3199999999997,0.11236738031797096,2.8975565445883396,5.698808164304404,80,,,,
4.312580521824817,10517.0,2057.6,0.11388406795468727,1.3130218222236818,5.630775130616358,83,,,,
4.314407763123187,10519.0,2057.8,0.12339492053528414,3.2890343370664934,5.441722539303871,86,,,,
4.316109448546151,10520.0,2058.0799999999995,0.1441714986293287,6.12606752267294,5.485876365581758,90,,,,
4.317067993622964,10521.0,2058.32,0.16323046535673497,3.4507622765253725,7.135001091223387,93,,,,
4.317757699857895,10524.0,2058.52,0.19526181431632392,0.827647481917017,6.641253851395454,96,,,,
4.318482934443003,10527.0,2058.8,0.22880644954243962,0.8702815021308584,6.20513606257718,95,,,,
4.319685447786654,10535.0,2059.2,0.25739419054350565,0.5411310046425286,6.270962633796177,97,,,,
4.32098696381199,10536.0,2059.4800000000005,0.2588405964819608,4.6854576912104235,6.104555834051478,97,,,,
4.322278974185569,10543.0,2059.84,0.25455868630298584,0.6644624778408097,5.101692074698609,99,,,,
4.323020306076166,10549.0,2060.2400000000002,0.2549415044208958,0.44479913435764473,4.327140311361911,101,,,,
4.324016619660677,10553.0,2060.6400000000003,0.2527019368430015,0.8966822260598689,4.29414408374976,100,,,,
4.324819931139752,10555.0,2060.7599999999998,0.25842968598252314,1.445960662335152,4.320891833802716,100,,,,
4.325889733225533,10562.0,2060.88,0.2777538448957615,0.5501839298301435,5.3280206661289675,102,,,,
4.32660453946029,10570.0,2061.04,0.3254954898542471,0.3216628056410675,4.873161172911961,101,,,,
4.327428478631027,10577.0,2061.1600000000003,0.3533757732719532,0.42374014495003326,6.469476587614719,100,,,,
4.328718136656722,10585.0,2061.48,0.3827647404587093,0.5803461115627235,7.5954312317042705,102,,,,
4.330373988234588,10588.0,2062.12,0.4049080865221235,1.9870218934393495,9.215725007303309,103,,,,
4.331949491110781,10591.0,2063.04,0.4609183961075189,1.8906034514312633,9.99095691251258,106,,,,
4.333188148346583,10593.0,2063.84,0.5103600981751273,2.2295830244430457,10.868157556543649,107,,,,
4.334489664253738,10596.0,2064.7599999999998,0.5635526979413257,1.5618190885857661,11.33330333635579,107,,,,
4.335802747597416,10598.0,2065.6,0.61312686583795,2.363550018621693,12.836263925020981,107,,,,
4.33714687514075,10601.0,2066.48,0.6372006165927087,1.612953052000796,13.291197000545253,107,,,,
4.338256590877075,10604.0,2067.2400000000002,0.6141717573494316,1.3316588835901566,13.655206077606342,107,,,,
4.339501818579714,10610.0,2068.08,0.5781132723391723,0.7471366215834856,13.414049348408772,108,,,,
4.340655770750743,10612.0,2068.84,0.545131541195524,2.077113907852833,12.129889097436337,110,,,,
4.341710028737733,10616.0,2069.5199999999995,0.49983434744171945,0.9488321882911289,11.616977621948358,112,,,,
4.342901045178455,10618.0,2069.96,0.4646349086455038,2.1438295933003966,10.222690857880751,114,,,,
4.344341106086114,10621.0,2070.52,0.42834307836599983,1.728073089190554,9.1425248415726,115,,,,
4.345734768128853,10626.0,2071.0,0.3784103010507494,1.0034366707719111,8.458034877323906,117,,,,
4.347573084109871,10630.0,2071.4,0.3189636737462066,1.6544843829158542,9.481328257355504,119,,,,
4.349872722923623,10636.0,2071.84,0.2748809682514231,1.3797832882513623,7.946756771797382,121,,,,
4.351664134664258,10645.0,2072.32,0.2372574925353288,0.7165646962540932,7.385876043358579,121,,,,
4.353395062102392,10650.0,2072.48,0.21847325941420745,1.2462677554562407,6.004843649678836,121,,,,
4.354865349702394,10651.0,2072.6,0.19643388125984024,5.293035360008967,6.004476076606518,122,,,,
4.3562003854750015,10659.0,2072.8399999999997,0.20257308130341736,0.6007660976731715,6.480275948315591,120,,,,
4.356975882381403,10663.0,2073.04,0.20804777946481545,0.6979472157609864,6.031827812933651,117,,,,
4.357804310929599,10668.0,2073.2,0.21694168530809713,0.5964685547011048,5.730966235743007,114,,,,
4.358727616609297,10669.0,2073.4,0.22114327812779605,3.3239004469110403,6.892624818080978,114,,,,
4.360287826906087,10671.0,2073.84,0.24411327578129982,2.8083785342229226,6.8012884884449125,114,,,,
4.36150968372733,10676.0,2074.2,0.2520893022188354,0.8797369112943272,6.786086957154112,114,,,,
4.362684989801942,10682.0,2074.6400000000003,0.25110114520696897,0.7051836447674329,6.996313328961724,114,,,,
4.363759400251819,10683.0,2075.12,0.24087261464173482,3.8678776195560207,7.000695601762449,114,,,,
4.365020973002482,10688.0,2075.6400000000003,0.23813522148577831,0.9083323804768207,7.17344528297342,113,,,,
4.366290156579301,10689.0,2075.92,0.23238161385327918,4.569060876549957,6.760819568132078,113,,,,
4.368028492356339,10694.0,2076.2,0.20449187406048175,1.25160175946713,6.316715084788556,114,,,,
4.370442265325116,10705.0,2076.28,0.1822731346048622,0.7899620625091632,7.557358840245874,113,,,,
4.373231877199925,10712.0,2076.48,0.15562768129105164,1.4346575356159796,8.153563906534938,111,,,,
4.375887451306612,10715.0,2076.7200000000003,0.12762104873611313,3.1866889280246515,7.204456260035522,108,,,,
4.378348589373671,10718.0,2076.96,0.10648945493008877,2.9533656804703,8.296007104066595,107,,,,
4.3809169268661385,10719.0,2077.2,0.10621957591695734,9.246014972884987,7.27401739980913,106,,,,
4.383196466150125,10721.0,2077.48,0.1132558655620495,4.103170711175443,7.7975945424726945,103,,,,
4.38601915932499,10726.0,2077.68,0.1321563610267633,2.0323390859030543,9.590233241378217,102,,,,
4.389125206856629,10728.0,2078.0,0.15064096325336823,5.590885556950053,10.122804229605476,102,,,,
4.392119827097199,10733.0,2078.4,0.17297820276373455,2.1561265732103614,11.644752754552611,101,,,,
4.3945585286590125,10736.0,2078.96,0.20079659248190715,2.926441874176016,11.65941298731074,100,,,,
4.396628218040269,10737.0,2079.5199999999995,0.22294686243035494,7.4508817725247045,10.926000825427042,99,,,,
4.398680598177408,10740.0,2080.2,0.24114153618937767,2.462856164565925,10.837465457141587,99,,,,
4.400813771460423,10741.0,2080.96,0.24448556579800584,7.679423818855521,11.240960779718362,99,,,,
4.403193848783363,10746.0,2081.76,0.23408220315968098,1.7136556725163021,9.973012636897321,101,,,,
4.4052407804625195,10749.0,2082.3599999999997,0.22225073493003564,2.4563180149878896,9.499300502021075,103,,,,
4.407279844648122,10752.0,2082.88,0.20172722458472842,2.4468770227225938,8.686884069797106,106,,,,
4.40896669312926,10754.0,2083.0800000000004,0.17870455682441283,3.036327266049213,7.093973811151703,107,,,,
4.410303152378011,10762.0,2083.12,0.15235766538483153,0.6014066619380272,6.315268263101837,108,,,,
4.411202637295885,10767.0,2083.2,0.10867814487462144,0.647629140868973,4.156254819158422,108,,,,
4.412646272216562,10774.0,2083.2400000000002,0.057874560955884814,0.7424408163482,3.7115035533687584,106,,,,
4.414840314024336,10776.0,2083.24,0.011358885334177227,3.949275253993814,3.0063091788989653,105,,,,
4.417105769574479,10781.0,2083.2799999999997,-0.030503945665013344,1.6311279961028269,2.3304529967312773,105,,,,
4.41978988553752,10788.0,2083.04,-0.05607252451895508,1.380402495278302,1.6170146018948597,103,,,,
4.423035111295149,10792.0,2082.7200000000003,-0.06586490703427926,2.920703181865484,2.0816346478785164,101,,,,
4.426051731965451,10796.0,2082.3199999999997,-0.08266363342777981,2.714958603271793,2.0054310493172585,98,,,,
4.428462361543761,10800.0,2081.96,-0.09594297349034622,2.1695666204785877,2.056498462353496,95,,,,
4.431692904554929,10803.0,2081.56,-0.11216709919784174,3.876651613401675,1.726956864259705,95,,,,
4.434864809001318,10804.0,2081.36,-0.12617384816225174,11.418856006999903,1.7550208471169875,94,,,,
4.437738806751222,10811.0,2081.04,-0.13242316236022397,1.4780559856651576,1.7377700593172651,93,,,,
4.440097679090689,10813.0,2080.76,-0.13228141584820363,4.245970211041878,1.7744740094770468,90,,,,
4.4422622418807745,10816.0,2080.3599999999997,-0.12781459091577202,2.597475348102051,1.7010807245430193,88,,,,
4.443347531915741,10817.0,2080.04,-0.12330647304301605,3.9070441258778423,1.741564357903232,87,,,,
4.445221224620938,10821.0,2079.56,-0.11464456498070837,1.686323434677337,2.2125789709458186,87,,,,
4.447894523952343,10823.0,2079.1600000000003,-0.10792790289105966,4.811938796528863,1.8117118013606324,87,,,,
4.450706373282438,10830.0,2078.8,-0.10056349002734999,1.4460939411917602,1.9183649579299853,88,,,,
4.454868489427012,10835.0,2078.4800000000005,-0.09367494154005436,2.996723624093052,1.9141846647419274,86,,,,
4.460247663700728,10837.0,2078.2400000000002,-0.08008046496054012,9.682513692688284,1.9435094224198255,86,,,,
4.465904585678864,10842.0,2078.2,-0.07631482444623068,4.072983824257896,2.8879339850554198,87,,,,
4.471678847437518,10849.0,2077.96,-0.07263306539100439,2.9696203330224242,2.904867650196521,87,,,,
4.477281194650576,10856.0,2077.7599999999998,-0.07201914404688979,2.8812071381442688,2.789293854297152,87,,,,
4.4827688553409555,10864.0,2077.6400000000003,-0.07751651474972476,2.4694473106705326,2.921530971729223,86,,,,
4.4875573081308335,10865.0,2077.28,-0.08540674763178599,17.23843004356025,2.892718162502983,86,,,,
4.491211563870104,10872.0,2076.7599999999998,-0.09642211186634633,1.879331523053538,2.3100194964300664,87,,,,
4.493610995378746,10876.0,2076.32,-0.11114762922346966,2.1594883577776414,2.433026419602006,86,,,,
4.496339837732716,10878.0,2075.8,-0.12118181150881993,4.911916237146411,2.3312714961626364,85,,,,
4.4979680224005225,10880.0,2075.32,-0.13503372594786417,2.930732402051717,2.6012113716500864,85,,,,
4.4998575119093465,10885.0,2074.88,-0.15440076019423085,1.3604324463532471,2.5821427314409227,87,,,,
4.501756314730787,10886.0,2074.52,-0.1651305244339138,6.835690157186156,1.5677733582317877,87,,,,
4.503968337249309,10891.0,2074.2,-0.1753590770771431,1.5926562133357953,1.7019498428956195,87,,,,
4.506378810333634,10892.0,2073.84,-0.18403764843320683,8.677703103570106,1.650631087644453,87,,,,
4.508742386618026,10895.0,2073.44,-0.17974612394096595,2.836291541271482,1.610254937338339,87,,,,
4.510589503551131,10898.0,2073.1,-0.17313169151653632,2.2165403197259996,1.6685571629058078,87,,,,
4.5121914978285576,10899.0,2072.7,-0.17055555308326886,5.76717939873477,1.698939768811515,87,,,,
4.513362233722445,10903.0,2072.34,-0.16325033758666288,1.0536623044987705,1.490625243666466,87,,,,
4.5145243973407405,10904.0,2072.1400000000003,-0.15732913550574934,4.183789025864421,1.516792461241098,87,,,,
4.515785372897922,10905.0,2071.9800000000005,-0.15937655246758647,4.539512005851297,1.125541955186804,87,,,,
4.516983291519217,10907.0,2071.7599999999998,-0.16273097442928863,2.1562535183318268,1.2288400122684486,87,,,,
4.518938986033155,10909.0,2071.6400000000003,-0.16237264632458767,3.5202501250875504,1.1653814873570758,86,,,,
4.5208991429069645,10912.0,2071.5199999999995,-0.15381663364973283,2.3521882485717263,0.946079690645805,86,,,,
4.522570250544097,10918.0,2071.2799999999997,-0.13670610715864667,1.0026645822792413,0.9088256784683327,89,,,,
4.524058258149282,10919.0,2071.0,-0.12108547757232128,5.356827378664701,0.8055655330645599,90,,,,
4.5250037809800645,10925.0,2070.7999999999997,-0.12961726800364398,0.5673136984699506,0.6720698107096881,90,,,,
4.525051211513009,10929.0,2070.6400000000003,-0.13557960784059614,0.0426874796499107,0.6374601874877398,89,,,,
4.5251999841937325,10937.0,2070.6,-0.15499375391581807,0.06694770632546145,0.5644057854195262,92,,,,
4.525569280642194,10938.0,2070.6400000000003,-0.1850450243212783,1.329467214460626,0.6219170317655066,93,,,,
4.526466740055101,10942.0,2070.4399999999996,-0.20844748181860356,0.8077134716165859,0.8442211528170462,96,,,,
4.527793672648515,10947.0,2070.2,-0.21837552324731152,0.9553914672579995,0.8230906630770122,97,,,,
4.5293534445785895,10952.0,2069.8399999999997,-0.22998343480734756,1.123035789653636,1.0327309889230971,98,,,,
4.53140377866599,10955.0,2069.2400000000002,-0.24456909661608134,2.460400904881557,1.189083551337688,98,,,,
4.533431814219697,10957.0,2068.4800000000005,-0.26965154888795567,3.65046399667283,1.7847973210277612,98,,,,
4.535865490878981,10961.0,2067.8,-0.3004803158094232,2.1903089933554,2.102251862201961,98,,,,
4.537981793073596,10964.0,2067.2,-0.3050099191360077,2.539562633538494,2.2941707712796644,98,,,,
4.54028631278507,10969.0,2066.6,-0.3117562386342083,1.6592541922611082,2.584059737078653,96,,,,
4.542600614113015,10970.0,2066.0,-0.31147845100337157,8.331484780601889,2.872662546222949,96,,,,
4.544844123215175,10972.0,2065.4399999999996,-0.30609799227644097,4.038316383889417,2.9364864272714115,99,,,,
4.546247759933253,10974.0,2064.96,-0.3039108162855437,2.526546092541097,3.16761876550986,102,,,,
4.548211384968095,10976.0,2064.4,-0.31177853407072437,3.5345250627147182,3.224457712206354,105,,,,
4.550097989497593,10978.0,2063.84,-0.3241271230273678,3.3958881530962657,3.2095412087401747,106,,,,
4.552128458334423,10982.0,2063.16,-0.34483635184205746,1.8274219531461977,3.518449878464434,106,,,,
4.554353083794251,10984.0,2062.3599999999997,-0.35985418304826944,4.004325827692662,3.3186773034514423,105,,,,
4.5565504255472105,10988.0,2061.5600000000004,-0.36781847646815263,1.9776075776633617,3.133442383402807,105,,,,
4.558374024862753,10992.0,2060.7599999999998,-0.378918087674667,1.6412393839885402,3.2904853348638596,105,,,,
4.56028497219564,10994.0,2059.84,-0.3875862006798042,3.4397051991956387,3.195995934563039,105,,,,
4.561882645859125,10996.0,2059.04,-0.39512872210516475,2.875812594274181,3.0327953405812864,105,,,,
4.563385447326291,11000.0,2058.3999999999996,-0.39181418945520197,1.3525213204496516,3.225193694242498,104,,,,
4.564991597000075,11002.0,2057.7599999999998,-0.3821353281493214,2.891069412811092,3.04448307615873,103,,,,
4.566576315707449,11005.0,2057.0799999999995,-0.3687426587829715,1.9016624488490452,3.180488211452571,104,,,,
4.568304180119555,11009.0,2056.3599999999997,-0.3527534926870804,1.5550779708954485,3.1635006510111774,104,,,,
4.570421898882155,11011.0,2055.68,-0.3289744008090535,3.8118937726789874,3.0890400825575766,104,,,,
4.5731529643267566,11014.0,2054.92,-0.31118770571600446,3.2772785335216392,2.793859530179788,103,,,,
4.575576217401915,11016.0,2054.16,-0.3006715353092569,4.3618555352856125,2.791111424706462,102,,,,
4.578943126783135,11021.0,2053.44,-0.2897921403680714,2.424174754478262,2.739008310919906,102,,,,
4.5824436536710715,11023.0,2052.7200000000003,-0.277354836645523,6.300948398286348,2.5997277103716083,101,,,,
4.585774096362537,11031.0,2052.0,-0.2649038178266765,1.4986992111595692,2.542759707441449,101,,,,
4.588928063932465,11035.0,2051.32,-0.25602783191536743,2.8385708129344684,2.2881017847493093,101,,,,
4.591966447053851,11037.0,2050.6799999999994,-0.24873505034452795,5.469089618495807,2.086952391041039,100,,,,
4.593935694482566,11041.0,2050.04,-0.24196936098422311,1.7723226858435708,1.8172205740456928,99,,,,
4.595833006226859,11044.0,2049.44,-0.23782168083851024,2.2767740931513973,1.7084805087469186,98,,,,
4.598212110406017,11047.0,2048.88,-0.22588278221859195,2.854925014990048,1.7756891679425089,98,,,,
4.600782789928446,11051.0,2048.24,-0.2140351854732104,2.3136115701858873,1.7995293991885934,97,,,,
4.603039723005514,11054.0,2047.6,-0.19911268166006782,2.708319692481949,1.8366592481333135,96,,,,
4.605547196831345,11058.0,2046.92,-0.1853767288518991,2.2567264432473144,1.627846319005587,96,,,,
4.608117876418854,11059.0,2046.44,-0.17027188792031325,9.25444651503487,1.6355617751446012,96,,,,
4.61187762203218,11063.0,2045.92,-0.1597655553719893,3.3837710519938513,1.773196643127945,96,,,,
4.616768063840202,11066.0,2045.5600000000002,-0.1466247597536359,5.868530169625832,1.842015364199657,97,,,,
4.622129885248787,11072.0,2045.2,-0.12976558907998295,3.2170928451510727,2.0033035786897773,95,,,,
4.627321219632731,11079.0,2044.8799999999999,-0.11467631943452614,2.6698291117424175,1.9928488207601263,94,,,,
4.632179344239476,11082.0,2044.4,-0.09835267280409023,5.8297495280934815,1.9925043223144403,93,,,,
4.635922094217533,11085.0,2044.0400000000002,-0.09057708861127593,4.491299973668811,1.6970563153296658,90,,,,
4.638969264311472,11087.0,2043.72,-0.08676599726150445,5.48490616908935,1.771338982607459,90,,,,
4.64206976834392,11092.0,2043.4,-0.09142640793248571,2.232362903362869,1.6538574797999708,90,,,,
4.645392439175731,11098.0,2043.1599999999999,-0.09860072385345302,1.9936024990862717,1.8532751010419477,88,,,,
4.649635746809285,11102.0,2042.92,-0.1077346710441929,3.8189768701989095,1.8758657354166206,85,,,,
4.6536607690824034,11105.0,2042.5600000000002,-0.11329256728976453,4.830026727742296,1.7365842868616859,85,,,,
4.6572783097418595,11110.0,2042.08,-0.12565590502299084,2.604629274808438,2.0990212602979446,85,,,,
4.660713838086418,11112.0,2041.52,-0.13740780872589592,6.183951020205914,1.910002900634418,86,,,,
4.663674367617521,11115.0,2040.92,-0.14824563915064096,3.552635437322682,1.9409417577110968,86,,,,
4.666479057824824,11118.0,2040.28,-0.15954797200110368,3.3656282487632625,2.756414527174554,85,,,,
4.669708365009777,11119.0,2039.52,-0.16806630220360377,11.62550586583193,2.671892225129783,86,,,,
4.672700673056242,11124.0,2038.8400000000001,-0.1681558266723658,2.154461793454709,2.5165735805425213,84,,,,
4.676686299792641,11128.0,2038.2,-0.17111469068245683,3.5870640627588504,2.524203409399831,85,,,,
4.681746772415105,11129.0,2037.64,-0.16825440592651192,18.21770144086936,2.2514209409460504,85,,,,
4.685767203627005,11136.0,2037.2,-0.1727027123674665,2.0676503375488977,2.122729050181664,85,,,,
4.68869336556555,11145.0,2036.92,-0.1792348495986734,1.1704647754178241,2.075517439915804,86,,,,
4.69143520385844,11149.0,2036.52,-0.20471632120828032,2.467654463600491,1.5025770810300272,87,,,,
4.692672683579778,11154.0,2036.2400000000002,-0.24184592227151153,0.890985399363372,1.4341150856897458,86,,,,
4.692774445604332,11164.0,2035.8799999999999,-0.3561713493367104,0.03663432883962989,1.3058695305117918,87,,,,
4.692930987891777,11165.0,2035.6,-0.4625069090107644,0.5635522348011148,0.41209806757877504,87,,,,
4.693010487652603,11171.0,2035.2400000000002,-0.5028854146060657,0.04769985649575643,0.34162799888616957,84,,,,
4.693076975422518,11173.0,2034.9599999999998,-0.5115288516945391,0.11967798584735823,0.36713646235561137,83,,,,
4.693214416819416,11179.0,2034.56,-0.5010713880240114,0.08246483813841646,0.27905254405398144,81,,,,
4.693347392356004,11184.0,2034.2,-0.48228028828844566,0.09574238634343155,0.287168007194535,82,,,,
4.693506513684243,11193.0,2033.92,-0.44821792493039136,0.06364853129576255,0.3632809648565094,82,,,,
4.693645603446123,11194.0,2033.7599999999998,-0.4101329153596298,0.500723142768936,0.9765168482298326,83,,,,
4.694441310154617,11209.0,2033.6799999999998,-0.34808309832570505,0.1909696100385256,1.2832219963284015,82,,,,
4.695579235629695,11214.0,2033.7599999999998,-0.2726128960944548,0.8193063420560107,1.7357242277632146,82,,,,
4.697819605189245,11218.0,2034.0,-0.1223711283736513,2.016332603595298,3.1334142859296787,85,,,,
4.7012518935964085,11220.0,2034.3200000000002,0.02124479352631172,6.178119132893791,3.664141694224481,85,,,,
4.7049359158839446,11228.0,2034.72,0.0929786268407177,1.6578100293912659,5.829302054994893,86,,,,
4.7089196676332605,11235.0,2035.28,0.12784725263041694,2.048786613933824,6.621762395847145,84,,,,
4.712756325443767,11237.0,2035.8399999999997,0.14729373390249165,6.905984058911111,7.656183301504784,84,,,,
4.716289143613154,11243.0,2036.56,0.15219367339718476,2.11969090163255,8.080123566715946,84,,,,
4.719256410688865,11244.0,2037.2,0.14706265700993768,10.682161472559578,9.080059376600788,84,,,,
4.7232281088057775,11248.0,2037.8400000000001,0.1399999469732265,3.5745283052216625,9.050799494354578,84,,,,
4.727038729479305,11251.0,2038.36,0.1309225790698307,4.572744808232694,9.049788354239297,84,,,,
4.732020490259231,11259.0,2038.7599999999998,0.11764040478593533,2.2417923509668114,9.04154079377118,85,,,,
4.7372403825832725,11262.0,2039.0400000000002,0.10871920435115312,6.263870788850239,8.877617354657428,87,,,,
4.742172741136714,11267.0,2039.3,0.09156174514383439,3.551298158477587,8.805194349637187,89,,,,
4.745758244694467,11274.0,2039.5399999999997,0.07460174335768259,1.8439732582730406,6.795095924130706,89,,,,
4.749122344228743,11278.0,2039.7400000000002,0.05737969901986879,3.027689580848532,6.218324681273923,91,,,,
4.751915623186973,11279.0,2040.02,0.03996562447368411,10.055804249625455,5.3125070972713235,92,,,,
4.75404878596602,11281.0,2040.1,0.026967478460409245,3.8396930022856997,5.079136256484661,94,,,,
4.756427246601947,11287.0,2040.0800000000004,0.018394071382369964,1.4270763815560987,4.168404833542555,97,,,,
4.758639293786483,11290.0,2040.0400000000002,0.010214291555297416,2.654456621442613,3.7419267000811898,98,,,,
4.760944942107598,11296.0,2039.92,0.01119152668123771,1.3833889926692746,3.7180074209513476,98,,,,
4.762785370572117,11299.0,2039.8400000000001,0.01633203577676969,2.208514157422677,3.6170160338168302,95,,,,
4.764830073028524,11304.0,2039.8,0.018623124797106233,1.4721857686124187,2.7650952264336075,95,,,,
4.767455679822508,11309.0,2039.7599999999998,0.029884938150929085,1.8904368916688206,3.6415442426551685,96,,,,
4.7714214911845785,11316.0,2040.0,0.04669296301522047,2.0395601290648804,3.893602250409651,98,,,,
4.7753642444513895,11322.0,2040.36,0.05700538860454073,2.3656519600868022,3.9976164030805057,97,,,,
4.780022769200079,11329.0,2040.72,0.06934773489348545,2.3958127278974732,5.707308662534841,97,,,,
4.784957787510829,11331.0,2041.2,0.08100386349597946,8.883032959349316,5.79827806895499,98,,,,
4.788711737803412,11337.0,2041.7599999999998,0.089803795863965,2.2523701755495282,7.007892693231838,100,,,,
4.792008337900588,11343.0,2042.08,0.10167945614745613,1.977960058305921,8.121240756330602,101,,,,
4.795070873457266,11344.0,2042.36,0.10388068545973894,11.025128004036066,8.34940083827432,102,,,,
4.79741195634022,11349.0,2042.6799999999998,0.10586822770296347,1.685579675726877,8.325544758607528,105,,,,
4.799649195511146,11350.0,2042.9599999999998,0.10713305638538713,8.054061015336666,10.90692518612296,116,,,,
4.804109501914712,11352.0,2043.36,0.10310046445283741,8.028551526418186,10.143036240517679,119,,,,
4.807944507699925,11357.0,2043.72,0.09147273417508818,2.7612041653532966,10.127637585874895,120,,,,
4.812540827569732,11366.0,2044.2,0.08635288310445889,1.8385279479229695,11.571136126998491,118,,,,
4.817979572205909,11367.0,2044.64,0.08123335842709231,19.5794806902357,9.982781345723065,118,,,,
4.8227594724995955,11372.0,2045.0,0.07533266624474008,3.4415282114545405,10.152965385655772,120,,,,
4.826074975700871,11377.0,2045.1599999999999,0.07386055215700892,2.387162304918473,9.229870968820572,123,,,,
4.829578828557699,11378.0,2045.28,0.07235816925880678,12.613870284577308,8.793435981305558,123,,,,
4.832314848676577,11384.0,2045.36,0.07177852325276408,1.6416120713271047,9.302367034620168,124,,,,
4.834036071226441,11386.0,2045.44,0.07109512785548168,3.098200589754996,9.29285880127918,125,,,,
4.835560785536923,11388.0,2045.6,0.07221820723509031,2.7444857588669014,7.210215217825355,126,,,,
4.8373460803460056,11389.0,2045.8400000000001,0.06765380850758816,6.427061312696839,7.120277179047477,127,,,,
4.839355564837377,11390.0,2046.08,0.06685421172002132,7.234144168936298,7.609426329025718,127,,,,
4.842095184442173,11395.0,2046.4,0.07003929805610488,1.9725261154533713,6.081017121792371,127,,,,
4.845076664230054,11397.0,2046.7600000000002,0.07181394179846771,5.366663618184564,6.700972009580011,127,,,,
4.84919364766835,11402.0,2046.92,0.07239377132602773,2.9642280755727963,6.9216029940409225,124,,,,
4.852578225553178,11404.0,2047.0400000000002,0.07326298394706082,6.09224019269166,6.851958819803711,124,,,,
4.856041317418782,11411.0,2047.28,0.07776240590979829,1.7810186737393165,7.2837745032694245,121,,,,
4.86014185900462,11414.0,2047.44,0.08651687799775402,4.92064990300551,6.987794991996594,117,,,,
4.864424336242695,11418.0,2047.56,0.0945156592747738,3.8542295142676397,6.865562653263828,115,,,,
4.8683854340212545,11425.0,2047.8,0.09436600161343116,2.0371360004022643,6.2062984225800255,115,,,,
4.872663225368338,11427.0,2048.24,0.11158513105908252,7.700024424751629,5.942685223732032,114,,,,
4.876379595541656,11431.0,2048.7599999999998,0.11937858984327734,3.344733155985765,5.063503330257953,114,,,,
4.878605901157682,11439.0,2049.2799999999997,0.10444906091247759,1.0018375272116788,4.767866281436746,115,,,,
4.880506743415257,11444.0,2049.56,0.07444589408049399,1.368606425453881,3.890885410359992,115,,,,
4.88159762997897,11447.0,2049.96,0.08105142642651572,1.3090638764555242,3.176215825419918,114,,,,
4.881775362677691,11458.0,2050.12,0.09198678072989261,0.05816706503599078,2.7974323586403633,113,,,,
4.8819230763285315,11468.0,2050.04,0.10532948748959958,0.05317691430278593,1.4606176295376712,111,,,,
4.882038391097597,11473.0,2049.88,0.08751952215695773,0.08302663372696252,0.7354826260834334,114,,,,
4.882214511950466,11480.0,2049.92,0.09686749027767985,0.09057643861891151,0.5377280756123524,116,,,,
4.882360150812434,11489.0,2049.96,0.0400368398152809,0.05825554478715608,0.3144209467588124,114,,,,
4.882498529940609,11495.0,2050.0,0.004472050725068816,0.08302747690476606,0.14694484055717905,114,,,,
4.882609725020575,11506.0,2050.0,-0.017201937886364902,0.03639111707974077,0.16591679769768394,108,,,,
4.8826494752893215,11509.0,2050.12,-0.037631834225513514,0.04770032249566424,0.20662122699803565,107,,,,
4.8827654488027505,11513.0,2049.84,-0.04239447013916201,0.10437616208627508,0.2385237782329308,108,,,,
4.883083443171665,11514.0,2049.72,-0.0743003472220012,1.1447797280907541,0.2910986971110735,108,,,,
4.884093072468982,11519.0,2049.6,-0.11623316636751382,0.7269330940686346,0.37596776227189044,110,,,,
4.885999254897582,11524.0,2049.2,-0.15721088471373756,1.3724513485918346,0.44866198735162516,110,,,,
4.88839578025384,11531.0,2048.72,-0.1690856485662018,1.2324987546468502,0.7884536792945186,110,,,,
4.891388494732238,11538.0,2048.3199999999997,-0.20752578920687093,1.5391103031763156,0.8725382472191894,109,,,,
4.894096390000429,11542.0,2047.8,-0.1675642590117521,2.4371057413713055,1.2456107038621365,109,,,,
4.896502240020969,11546.0,2047.4399999999998,-0.15923482790418977,2.1652650184865103,1.315103066519326,109,,,,
4.898376230871223,11547.0,2047.08,-0.15164080054721824,6.7463670609146025,1.4941505228724066,109,,,,
4.900820028959086,11551.0,2046.7599999999998,-0.12307694156237056,2.19941827907695,1.7807242021983298,112,,,,
4.904232153495143,11553.0,2046.6,-0.09183935265541424,6.1418241649019665,1.99114776464723,112,,,,
4.90869449143256,11560.0,2046.4,-0.06753311668892757,2.2949166535285666,2.1447819115339586,113,,,,
4.9144094648177195,11567.0,2046.28,-0.041789193131029204,2.939129169510342,3.9924208804914314,115,,,,
4.9215516411250295,11573.0,2046.28,-0.029313806185437514,4.285305784386038,4.1940944490237495,114,,,,
4.9275950640489325,11580.0,2046.3200000000002,-0.023385979256713662,3.108046075150035,4.012341139587177,112,,,,
4.933484557217953,11588.0,2046.44,-0.021134387596197728,2.65027192605915,4.306672312753491,113,,,,
4.9397113978073435,11589.0,2046.52,-0.026526858960820306,22.416626121807408,4.101010427829255,113,,,,
4.944718709287734,11594.0,2046.44,-0.029911812595918564,3.605264265881513,4.225992206843772,114,,,,
4.948798278987465,11601.0,2046.1599999999999,-0.032465447528828094,2.0980644170044527,4.211747432650408,115,,,,
4.953162405778823,11604.0,2045.8799999999999,-0.0387182147519019,5.236952149629619,3.9914222196455773,115,,,,
4.956851132181303,11609.0,2045.52,-0.05098237746175323,2.6558830097853785,4.231854624742625,115,,,,
4.959293882920997,11611.0,2045.2400000000002,-0.06544862961711469,4.396951331450006,4.436587560644876,112,,,,
4.961492526836156,11613.0,2045.08,-0.08741509987667995,3.9575590472849944,2.5478806308879,106,,,,
4.963037974066332,11615.0,2044.9,-0.11058584450331146,2.7818050143182083,2.788118983278649,100,,,,
4.965593081130777,11616.0,2044.58,-0.12655499719356733,9.198385432001688,2.7459152143912546,98,,,,
4.967899537768919,11617.0,2044.2599999999998,-0.14432993588241155,8.303243897311278,2.5135404376339734,96,,,,
4.970573523195815,11624.0,2043.7400000000002,-0.1593883678131447,1.3751925052606264,2.4987555811733273,95,,,,
4.973505963567024,11625.0,2043.1,-0.1740520210298896,10.556785336353574,2.34328391541779,95,,,,
4.976695056482633,11629.0,2042.52,-0.19121334988984984,2.870183624048678,2.6645314058731513,95,,,,
4.979448677891344,11632.0,2041.8400000000001,-0.20671745239477352,3.3043456904521804,2.692157709186111,96,,,,
4.98228384748453,11635.0,2041.1600000000003,-0.21268532294938658,3.4022035118241605,2.285912216958117,97,,,,
4.985150597371779,11640.0,2040.52,-0.21890490279756075,2.064059918818903,1.9787105012575996,95,,,,
4.987957101959516,11641.0,2039.8799999999999,-0.21401802400907105,10.103416515855757,2.03645480430367,95,,,,
4.990765745198475,11644.0,2039.2400000000002,-0.19856632358282472,3.3703718867504837,1.8699214304444396,95,,,,
4.993311289078999,11648.0,2038.7199999999998,-0.1833940056960387,2.290989492471577,1.825059395726241,95,,,,
4.995970150235537,11651.0,2038.1599999999999,-0.16681782475949047,3.190633387845214,1.7475216564022378,94,,,,
4.999214409850789,11655.0,2037.6799999999998,-0.14862973416755407,2.9198336537273795,1.6688034692554297,95,,,,
5.002921959893741,11657.0,2037.4,-0.13072225087993425,6.6735900773130465,1.6215405591238423,95,,,,
5.006513742508814,11664.0,2037.2,-0.12122999330293185,1.847202487751866,1.5875847880120688,94,,,,
5.009894655111322,11671.0,2036.9599999999998,-0.1145905114754054,1.7387550527182558,2.1121836679426313,93,,,,
5.013133708144904,11677.0,2036.7600000000002,-0.11269174613802364,1.9434318201495056,2.111588636046352,94,,,,
5.015257830038118,11683.0,2036.6,-0.11036603728283538,1.274473135928488,2.0568063872930074,97,,,,
5.017614096307808,11684.0,2036.1600000000003,-0.11260315555172173,8.482558570882777,2.0550271630243424,98,,,,
5.020962141049269,11685.0,2035.6399999999999,-0.11863092959658869,12.052961069260833,2.3993970296649154,98,,,,
5.024834556743167,11691.0,2035.1200000000001,-0.127248792263029,2.3234494163387525,2.3702577147975648,98,,,,
5.028675528438734,11699.0,2034.6,-0.1335827719545011,1.7284372630050742,2.349484243393276,99,,,,
5.033446545917601,11705.0,2034.0400000000002,-0.14469995456999,2.8626104873200195,2.4270670852667764,98,,,,
5.037319436721351,11706.0,2033.56,-0.15848950540003376,13.942406893498612,2.4284267270260815,98,,,,
5.039975853114198,11714.0,2033.08,-0.16165295464360013,1.1953873767813086,2.0616842784518097,99,,,,
5.042258069988959,11720.0,2032.64,-0.15281171458796347,1.369330124856407,1.512416944946867,98,,,,
5.044600842332867,11722.0,2032.1200000000001,-0.14293047869781889,4.216990219034892,1.5926506961954245,97,,,,
5.04657334607987,11727.0,2031.56,-0.12889006144143653,1.4202026978417128,1.645850165699977,96,,,,
5.048860771479196,11730.0,2031.08,-0.11203940529808096,2.7449104791920296,1.7349932118163363,95,,,,
5.051770263106417,11734.0,2030.8799999999999,-0.09671154037130489,2.6185424644987916,1.3337240490306859,92,,,,
5.054614012589601,11737.0,2030.6799999999998,-0.08467202340068805,3.4124993798216328,1.5752554701347872,91,,,,
5.0586513669943995,11744.0,2030.6,-0.06711517899201278,2.0763536938963703,1.8955436667231442,90,,,,
5.063414950621382,11750.0,2030.56,-0.04561497129839397,2.8581501761894708,2.0381223437317715,90,,,,
5.069186117517383,11756.0,2030.56,-0.018009749730785736,3.4627001376004567,2.4008022107875617,91,,,,
5.075319483336675,11764.0,2030.4,0.004807622244059809,2.7600146186816144,3.7990994502701247,92,,,,
5.081723151692181,11771.0,2030.56,0.01570520727596601,3.293315154260192,3.7919428401956217,91,,,,
5.086898018288892,11778.0,2030.7599999999998,0.016243463538013158,2.661359964023028,3.757967327389219,89,,,,
5.092467090922622,11783.0,2031.2,0.005348556576993293,4.009732296286199,4.036152646508955,90,,,,
5.0970228258636965,11784.0,2031.52,-0.01477084897949953,16.40064578786757,3.924463355504245,90,,,,
5.1006267716724585,11792.0,2031.72,-0.043651030433388895,1.6217756139430188,3.697225072770707,92,,,,
5.104137287349814,11797.0,2031.52,-0.074402861217953,2.52757128769565,3.576745765292634,95,,,,
5.107959324235709,11799.0,2031.08,-0.10807989145205336,6.879666394609966,3.280796919687492,96,,,,
5.110470290778256,11803.0,2030.44,-0.14364563334612407,2.25986988829289,3.169840018656184,94,,,,
5.112462698352351,11807.0,2029.6799999999998,-0.185956954982309,1.7931668166851324,2.9505560838917084,92,,,,
5.1143783824267635,11809.0,2028.8800000000003,-0.21621762865976538,3.4482313339424686,1.5478804922372094,92,,,,
5.11577356770879,11813.0,2028.2,-0.24688120704343977,1.2556667538237818,1.9632239810326417,91,,,,
5.117280031511346,11815.0,2027.52,-0.267515121095115,2.7116348446000442,2.1109753507960276,91,,,,
5.118782715054474,11817.0,2026.8399999999997,-0.2736314356186905,2.7048303776314495,1.8067403731418086,91,,,,
5.120501173460091,11821.0,2026.36,-0.27021623603103373,1.5466125650549853,1.9093765368060367,94,,,,
5.1229936226925465,11822.0,2025.8,-0.2631272111560069,8.972817236839662,2.045292088848037,94,,,,
5.125705939415602,11824.0,2025.2400000000002,-0.24284024247730945,4.882170101499632,2.3654873010933715,96,,,,
5.128326037303186,11829.0,2024.8,-0.22046744421861608,1.8864704790599818,2.4145838173937175,98,,,,
5.13093050031671,11831.0,2024.36,-0.18357213425786037,4.688033424343161,3.5577634741202937,96,,,,
5.133966306514687,11833.0,2023.7599999999998,-0.13632725291198156,5.464451156359039,3.809595956224773,93,,,,
5.136122251544756,11834.0,2023.36,-0.08934725835899707,7.761402108246516,3.9646050072475,92,,,,
5.13888483859566,11840.0,2023.1200000000001,-0.03502181290464982,1.6575522305422976,3.8942385327639526,87,,,,
5.14220935746327,11841.0,2023.28,0.02016231703664783,11.968267923397663,5.6003749642374725,85,,,,
5.14631682036131,11846.0,2023.6799999999998,0.058521804651334275,2.957373286589089,6.08120510628231,84,,,,
5.149514054719644,11854.0,2024.3199999999997,0.0897451272919883,1.4387554612501297,6.227890574323862,83,,,,
5.152884015899633,11860.0,2025.0400000000002,0.12719220176152518,2.0219767079936757,7.384521055989339,85,,,,
5.155511792212347,11861.0,2025.7599999999998,0.15524608334385456,9.459994725770501,8.076913487557352,86,,,,
5.1571921711519275,11864.0,2026.2,0.1757241578300958,2.0164547274967393,8.455885163519245,89,,,,
5.158141587989888,11867.0,2026.48,0.18272275740149763,1.139300205552736,8.136818501860628,92,,,,
5.15942302095792,11868.0,2026.7599999999998,0.18466874432246416,4.6131586849133495,8.821410168065336,93,,,,
5.1605872962708546,11869.0,2027.0,0.17276533203709746,4.191391126564607,9.976425260759799,93,,,,
5.161657801113692,11871.0,2027.2,0.15647046898473554,1.9269087171062518,10.18549158854618,98,,,,
5.162837898715654,11872.0,2027.4,0.13754084204434736,4.2483513670633934,8.474281337327875,104,,,,
5.164201431276812,11873.0,2027.6800000000003,0.1310765081145943,4.90871722016868,8.634847569847542,111,,,,
5.166336207076298,11874.0,2027.92,0.12438182706167603,7.6851928781496035,10.446209731788747,113,,,,
5.16894990038435,11877.0,2028.2,0.11506508457423248,3.1364319696629637,9.563247678747874,114,,,,
5.171684290949948,11884.0,2028.48,0.10283948893074565,1.4062580051648403,8.718637820228109,115,,,,
5.174910263565265,11887.0,2028.8800000000003,0.09442502005793012,3.8711671383807142,8.633741344240239,112,,,,
5.1788020122690375,11888.0,2029.1200000000001,0.08306438304461201,14.01029533357894,8.004115632508741,112,,,,
5.182778851395179,11893.0,2029.36,0.07427204681186092,2.86332417082217,7.332876969668509,112,,,,
5.1872536659827135,11901.0,2029.44,0.07186611446220428,2.013666564390371,7.922755422308988,112,,,,
5.192769684366841,11909.0,2029.6,0.07458425233670223,2.482208272857114,7.999680483548556,111,,,,
5.197727978946295,11917.0,2029.64,0.07825884007820669,2.2312325607544987,8.861387517244662,113,,,,
5.202061245011807,11923.0,2029.9199999999996,0.08383276163418962,2.599959639307221,8.884035952923767,114,,,,
5.205526795814233,11924.0,2030.28,0.09389489367603183,12.475982888735738,7.482598558037054,113,,,,
5.208610111960435,11927.0,2030.8400000000001,0.10472750300356082,3.699979375442392,7.785879806647214,112,,,,
5.211444308570785,11929.0,2031.36,0.12464340253114128,5.1015538986306606,9.193746344936836,111,,,,
5.214849103544581,11933.0,2032.0,0.14465170178986755,3.0643154764159015,10.413959608920901,112,,,,
5.217887924692039,11937.0,2032.56,0.1653570380665011,2.734939032711975,10.818945440328875,112,,,,
5.220857047348056,11941.0,2033.1200000000001,0.1830606363075356,2.672210390415152,11.146772945866465,113,,,,
5.223938733654406,11943.0,2033.8400000000001,0.19914768572334612,5.547035351430024,12.730820922265542,113,,,,
5.227494270314655,11945.0,2034.64,0.20639075763104606,6.3999659884490585,13.116506456062467,113,,,,
5.230784116795369,11950.0,2035.36,0.21450965285086618,2.3686894661138918,14.675868171802387,113,,,,
5.234672881413062,11956.0,2036.1599999999999,0.2190669043231103,2.333258770616118,14.719295494453323,113,,,,
5.238317853203262,11957.0,2036.9599999999998,0.2253604152021778,13.121898444718784,14.892630573244821,114,,,,
5.2418844260682,11961.0,2037.64,0.22896759389759427,3.209915578443908,16.194145090449535,115,,,,
5.244606653097199,11962.0,2038.3200000000002,0.2271016990736218,9.800017304395805,15.001608473959545,115,,,,
5.247219003933008,11966.0,2039.0,0.22013025078761453,2.351115752228212,15.42669499141011,116,,,,
5.249511566617949,11969.0,2039.6799999999998,0.21455064086808676,2.7510752219297063,15.059948486072514,116,,,,
5.251837038801452,11970.0,2040.28,0.19901588467987605,8.371699860611747,15.110799348760807,116,,,,
5.2544407612945605,11975.0,2040.8799999999999,0.18236007408519134,1.874680195038073,12.754161305448804,117,,,,
5.257074925214681,11976.0,2041.4,0.16358218946281394,9.48299011243432,11.941897959989763,117,,,,
5.260051079751397,11982.0,2041.92,0.13599416292525507,1.7856927220298076,9.59997451850252,119,,,,
5.263548239037701,11985.0,2042.2400000000002,0.10434744010537786,4.196591143564472,9.298751040070607,118,,,,
5.268181509019892,11987.0,2042.56,0.07657372865491344,8.339885967944433,8.71191186603477,118,,,,
5.272345226046085,11994.0,2042.6799999999998,0.054568655362923144,2.141340184898926,6.889509384973978,119,,,,
5.27684119733706,12000.0,2042.48,0.038556824785459534,2.697582774585306,6.635045836146439,117,,,,
5.282079057092302,12005.0,2042.1599999999999,0.03790301949812149,3.7712590237741628,5.076744091446175,116,,,,
5.286541238666522,12012.0,2042.0,0.05015931749267484,2.294836238170073,5.090781287811642,115,,,,
5.28967084690169,12019.0,2041.9599999999998,0.07036990036955373,1.609512806657854,5.3506298312353575,113,,,,
5.292216334224339,12025.0,2042.08,0.09738425363220596,1.5272923935893115,4.799296261842814,114,,,,
5.294031863110145,12028.0,2042.52,0.13183629008620118,2.1786346629674607,6.935076389257586,115,,,,
5.295298630268788,12031.0,2043.2,0.17799675923188923,1.5201205903719794,7.274746359586095,116,,,,
5.2961717429466555,12032.0,2043.8,0.22793261346610988,3.143205640321746,8.248746081492326,116,,,,
5.297597018896362,12035.0,2044.44,0.26657106326202284,1.7103311396485326,9.570328202088183,116,,,,
5.299146197021989,12036.0,2045.08,0.2947080677117549,5.577041252256327,10.142127356837193,117,,,,
5.300794929894025,12040.0,2045.7599999999998,0.3166190896816974,1.4838595848317535,11.291046472254024,118,,,,
5.302494064021168,12042.0,2046.48,0.32415818982824296,3.0584414288590103,11.329756586776424,119,,,,
5.304490495814802,12044.0,2047.1200000000001,0.30884114412619856,3.593577228540229,11.808501678588101,119,,,,
5.306681354932348,12048.0,2047.6799999999998,0.283237517868711,1.9717732057914346,11.002163005392111,120,,,,
5.308856066345563,12050.0,2048.2400000000002,0.24185646685220452,3.9144805437874353,10.408686646328432,121,,,,
5.31147493706553,12055.0,2048.7599999999998,0.17888872816741655,1.8855869183757015,7.989094958331345,120,,,,
5.314067439068718,12057.0,2049.04,0.10029692935823804,4.666503605738184,7.394489958064112,120,,,,
5.316981158934424,12061.0,2049.12,0.015830556643414224,2.6223478791353365,6.006777926070148,119,,,,
5.31914335105637,12066.0,2049.0,-0.06221090511458338,1.5567783278014529,4.68495383258445,119,,,,
5.32085228213123,12073.0,2048.4799999999996,-0.13050888005514932,0.8788788384993891,4.406046301634596,120,,,,
5.322216373630548,12075.0,2047.72,-0.195705842462866,2.455364698772652,3.187452564965048,123,,,,
5.323621653698579,12079.0,2046.8799999999999,-0.2632507190497227,1.2647520612282188,3.3325146338366074,122,,,,
5.325451270265098,12081.0,2046.0399999999997,-0.3204643919545475,3.2933098197342234,2.778720878926865,120,,,,
5.327199083621302,12082.0,2045.28,-0.3632424382730887,6.29212808233687,2.8018936647627575,119,,,,
5.329001454385096,12086.0,2044.56,-0.3959802811911467,1.6221336874141186,2.995575677965272,117,,,,
5.330924223794078,12087.0,2043.7599999999998,-0.39779968829259793,6.921969872335546,3.0821777655980522,116,,,,
5.333183401154324,12090.0,2042.9600000000003,-0.3824157299423384,2.7110128322953333,3.0224435968188628,115,,,,
5.335344377442483,12093.0,2042.28,-0.3605140352303477,2.5931715457904883,2.9664341645800008,114,,,,
5.3375076716761205,12096.0,2041.64,-0.33783356827621547,2.595953080365676,2.673361726791536,112,,,,
5.339205763427249,12101.0,2041.2,-0.3176383256575844,1.2226260608127115,2.2084033443367574,111,,,,
5.340339432537248,12109.0,2040.8400000000001,-0.2980646232660776,0.5101510994993811,2.0129185847180002,109,,,,
5.341061339457809,12115.0,2040.48,-0.2659252443510126,0.4331441523365313,1.3974984721984598,108,,,,
5.342090714875909,12120.0,2040.08,-0.22327108077501032,0.7411503010322694,1.2438417165981295,103,,,,
5.343397384417119,12122.0,2039.64,-0.17883304949894524,2.3520051741771684,1.1721845373125377,103,,,,
5.345114750217815,12130.0,2039.2,-0.13292196456806712,0.7728146103129759,1.0418872091255844,101,,,,
5.3478355171778595,12136.0,2038.92,-0.0989559366662028,1.6324601760269914,1.1835037843472542,101,,,,
5.351996424017347,12140.0,2038.8799999999999,-0.07129071586433211,3.7448161555386505,2.5792969003430324,102,,,,
5.356107088323876,12144.0,2039.0399999999997,-0.04896289905070771,3.6995978758755697,2.7760605788662622,102,,,,
5.359919194854762,12151.0,2039.28,-0.027701031518175562,1.9605119301701557,3.020711988331164,100,,,,
5.363661872906937,12156.0,2039.52,-0.0034326567171356548,2.6947281975662527,3.287536106807498,99,,,,
5.367212215098891,12157.0,2039.72,0.022267730964855067,12.781231891032176,3.487144002172896,99,,,,
5.3704379870636645,12164.0,2039.7599999999998,0.04239977404288029,1.65896843902628,3.6306687564073714,98,,,,
5.374312994016664,12171.0,2039.7599999999998,0.047487070782102805,1.9928607186857379,4.1868537160925205,98,,,,
5.378677571916532,12177.0,2039.8799999999999,0.042884167955739,2.6187467399204665,4.4174523250159705,96,,,,
5.3826845631039815,12185.0,2040.1200000000001,0.032091356325633924,1.803146034352242,4.439195041131343,95,,,,
5.386287183213868,12192.0,2040.48,0.021125516409650064,1.8527760565133617,4.482021933987658,93,,,,
5.390278068605441,12194.0,2040.64,0.011602675656399974,7.183593704829845,4.440415130719264,93,,,,
5.395111981663989,12198.0,2040.6799999999998,0.012267163697930211,4.350521752693217,4.71244330384676,93,,,,
5.39947335244256,12208.0,2040.52,0.016708806979841662,1.570093480285354,4.722902264221771,92,,,,
5.405122382974937,12216.0,2040.3200000000002,0.02406540066990496,2.5420637395696684,4.7758661392785715,92,,,,
5.411671456672303,12218.0,2040.1200000000001,0.032060501004706,11.788332655258511,5.664149736649175,93,,,,
5.41785381288349,12224.0,2040.2,0.04000634366397338,3.709413726712432,6.26644876785835,94,,,,
5.422152031086162,12232.0,2040.4,0.057432518299887415,1.934198191202196,6.4902588732077975,93,,,,
5.426718060657619,12239.0,2040.8400000000001,0.08111209219041814,2.3482437796064985,6.67448357288975,93,,,,
5.430310211257004,12241.0,2041.4,0.10917937900133116,6.465871078894816,7.019890721518605,93,,,,
5.433214745921241,12244.0,2042.0,0.1344902920416322,3.485441597083426,8.292475210307526,93,,,,
5.435306448262706,12246.0,2042.6800000000003,0.15745004868928436,3.7650642146362983,7.449067519634008,93,,,,
5.437285324490149,12249.0,2043.4,0.17094091041987178,2.374651472931544,9.349173644013973,94,,,,
5.439294921926288,12253.0,2044.1200000000001,0.1796183370148548,1.8086376925252938,9.737883199464417,97,,,,
5.441204352868729,12254.0,2044.72,0.17711216273046368,6.873951392788928,10.268627465483293,98,,,,
5.44401394233716,12259.0,2045.28,0.1672728194179498,2.022904417270835,9.704824851414028,100,,,,
5.44721379693089,12260.0,2045.7599999999998,0.15262423332024683,11.519476537426941,10.093853395219355,100,,,,
5.451275019135469,12265.0,2046.2,0.13257066852343247,2.9240799872968166,9.384277489409659,103,,,,
5.455089862449656,12268.0,2046.48,0.10900389672126842,4.577811977024146,9.001790528962108,104,,,,
5.460160418544739,12274.0,2046.6399999999999,0.08720651491951145,3.0423336570503947,10.559781263094578,107,,,,
5.464802802306219,12276.0,2046.72,0.07125282905776746,8.356290770663547,9.53754261907125,108,,,,
5.468845411324043,12284.0,2046.7599999999998,0.05952105519642753,1.8191740580208347,9.255447947343667,110,,,,
5.472607834599259,12291.0,2046.8,0.05071518336502488,1.9349605415394857,7.089475094893926,109,,,,
5.477179205949188,12292.0,2046.92,0.04444017142787971,16.456936859744875,8.029914163468991,110,,,,
5.481603950225751,12296.0,2047.1199999999997,0.045301241245211454,3.982269848906679,7.230185504449049,110,,,,
5.485191129323549,12303.0,2047.36,0.05417765514666526,1.8448349645813789,7.034648917891945,110,,,,
5.489037201804199,12312.0,2047.56,0.057611545856840286,1.5384289922600678,6.073910046631416,109,,,,
5.492295666381336,12313.0,2047.7599999999998,0.062026906357338304,11.730472477696038,6.018711926416276,108,,,,
5.493595295643253,12318.0,2048.0,0.05925468060771742,0.9357330685802346,5.813488230464666,106,,,,
5.494306791857961,12319.0,2048.32,0.04572036275560089,2.561386372949493,3.9321240576577816,105,,,,
5.496102956109464,12322.0,2048.44,0.018459054854288164,2.155397101803507,3.518295775877229,105,,,,
5.498067840730762,12325.0,2048.5600000000004,-0.006615701466949111,2.357861545557544,4.052290708505396,107,,,,
5.499917721050308,12332.0,2048.52,-0.029796079964896464,0.9513670214809606,3.8987770361240415,104,,,,
5.501607057766637,12334.0,2048.2799999999997,-0.05075948986937673,3.040806089390394,2.347006140693051,103,,,,
5.503768264214172,12337.0,2047.72,-0.07374667345399302,2.593447737042501,2.997677083708137,100,,,,
5.507467920728409,12338.0,2047.2,-0.09678267138455879,13.318763451253322,2.8398528622839705,100,,,,
5.511065774948314,12345.0,2046.6799999999998,-0.10788380979791767,1.8503250273794258,3.005955152860726,98,,,,
5.5149180497258525,12353.0,2046.2,-0.11995928451215059,1.7335236498922468,2.8978331693114177,97,,,,
5.518972284746622,12354.0,2045.6799999999998,-0.12501598377407636,14.595246074768816,2.9732482689318025,97,,,,
5.523121736079493,12357.0,2045.28,-0.12053791089955339,4.979341599446203,2.8995694437555235,96,,,,
5.52707260349136,12359.0,2045.0400000000002,-0.10618118390801017,7.111561341361564,3.205271587162705,97,,,,
5.532063735244816,12366.0,2044.7599999999998,-0.10010199521756416,2.566867758920065,2.4752595371544968,96,,,,
5.536539612692559,12371.0,2044.48,-0.0950543213071368,3.2226317623751632,2.520025032318678,97,,,,
5.54186390922013,12378.0,2044.2400000000002,-0.09593866686420652,2.738209642750425,2.555508347997466,95,,,,
5.545969554203193,12380.0,2043.9599999999998,-0.09705434418140262,7.39016096951398,1.844707288849087,96,,,,
5.5493295520677295,12387.0,2043.56,-0.10154632702990962,1.7279989017614756,1.6655324157891453,95,,,,
5.551807728253282,12390.0,2043.2,-0.11290107734344908,2.9738114226623185,1.3065253689842968,96,,,,
5.5540640861611115,12393.0,2042.8,-0.12905202071309993,2.7076294893952366,1.2203773039786276,103,,,,
5.555286360827118,12395.0,2042.44,-0.14113402397234912,2.2000943988123742,1.1124214721608328,105,,,,
5.556546981154349,12403.0,2042.1599999999999,-0.15908906675614987,0.5672791472539219,1.2061252477489641,104,,,,
5.557729270243838,12406.0,2041.8799999999999,-0.17648926367315607,1.418746907386875,0.9959085985163523,109,,,,
5.558723830159346,12411.0,2041.56,-0.18992012505445469,0.7160831391656515,1.0242950111299591,110,,,,
5.560046232844295,12416.0,2041.3199999999997,-0.20330548095476725,0.9521299331629683,0.9630294696312236,113,,,,
5.561270376712352,12417.0,2041.0399999999997,-0.22176398255107133,4.406917925006696,0.9200178287397496,116,,,,
5.562399762532811,12418.0,2040.72,-0.2426805232865909,4.0657889536520075,1.0495609196031148,120,,,,
5.5633402771560885,12420.0,2040.36,-0.25152537834204275,1.692926321899305,1.0865537014128217,122,,,,
5.564469611762476,12424.0,2039.9599999999998,-0.25074463633254573,1.0164011457487923,1.0810397923354418,122,,,,
5.5656891295164215,12428.0,2039.36,-0.23937167221627426,1.0975659785511802,1.1208483047470748,121,,,,
5.568029929435772,12430.0,2038.6399999999999,-0.2229810617047249,4.213439854831491,1.2078512316194634,121,,,,
5.570721401413655,12437.0,2038.1200000000001,-0.19423717311147276,1.384185588625397,1.464967249919083,119,,,,
5.573647567654232,12445.0,2037.72,-0.164558613460484,1.3167748082596682,1.5844904799520179,117,,,,
5.57665451062306,12451.0,2037.4,-0.13354847254235322,1.8041657812967051,1.765006773129257,116,,,,
5.579918511857134,12455.0,2037.3200000000002,-0.1039248405281519,2.9376011106661544,2.3788237115648827,111,,,,
5.583613831523123,12457.0,2037.48,-0.06151991380412832,6.651575398780227,2.6265701815394884,105,,,,
5.5869984378330715,12460.0,2037.64,-0.016266560422246824,4.06152757193771,2.901152633185937,103,,,,
5.5912472170780045,12466.0,2037.8400000000001,0.014986713756425435,2.5492675469596477,3.1377149926501504,108,,,,
5.595671888441682,12469.0,2038.0,0.032392339570524745,5.309605636413268,3.698332342646134,108,,,,
5.600038953458961,12476.0,2038.3200000000002,0.043859021367071094,2.245919151743575,3.900045987193333,105,,,,
5.603057318499246,12479.0,2038.64,0.04004425093936937,3.622038048342039,3.965200072798732,105,,,,
5.6063575626159645,12484.0,2038.92,0.028643085036712486,2.3761757640372636,3.7633813022164935,105,,,,
5.609240167307242,12486.0,2038.9599999999998,0.02133707826140114,5.188688444298093,5.01347060803513,106,,,,
5.61243777654613,12491.0,2038.9599999999998,0.021425986257174998,2.3022786519999068,4.97535165186966,104,,,,
5.615387452140011,12498.0,2038.7599999999998,0.03311172180792578,1.516976019709738,4.6245702671349544,102,,,,
5.618700498046824,12504.0,2038.56,0.04453534828095852,1.987827544087622,6.108873244831576,101,,,,
5.621945523854087,12505.0,2038.48,0.06098770161994703,11.68209290615055,5.949220113148984,101,,,,
5.624325273711675,12511.0,2038.64,0.07929719258783918,1.4278499145526735,7.256957127521065,99,,,,
5.6270263089420895,12517.0,2039.0800000000004,0.10469480984970136,1.6206211382483604,7.096544094201056,98,,,,
5.629698422770745,12518.0,2039.6,0.12644430007264687,9.61960978315954,7.243598114387322,98,,,,
5.632274096084714,12525.0,2040.2400000000002,0.14471537868150594,1.324631990041312,8.531525158700003,99,,,,
5.63442190473563,12526.0,2040.8799999999999,0.15145858766806605,7.732111143296355,8.489964637405834,100,,,,
5.636432465990967,12530.0,2041.52,0.14587737403372583,1.809505129803155,7.045015632217714,102,,,,
5.637970083309714,12533.0,2042.08,0.12705594412673787,1.8451407824960349,7.123075057607008,101,,,,
5.640510780823918,12534.0,2042.4,0.09508140542625335,9.146511051134302,7.114800615232785,102,,,,
5.643044604664778,12540.0,2042.4,0.06026032257689305,1.5202943045160906,5.462919062123673,103,,,,
5.646058064776706,12548.0,2042.1600000000003,0.023239878591765146,1.3560570503673655,5.4989968993646325,104,,,,
5.650073003624406,12552.0,2041.7599999999998,-0.012933943636825818,3.613444962929852,3.99158593319956,105,,,,
5.65393426664903,12555.0,2041.2400000000002,-0.04606897493285047,4.633515629549588,4.436253271137739,105,,,,
5.657719239463004,12560.0,2040.7199999999998,-0.07919230677194944,2.7251804260613763,4.13226150633959,105,,,,
5.661122446885175,12562.0,2040.28,-0.1016027839591485,6.12577335990738,2.7332524003979115,104,,,,
5.664909139994007,12568.0,2039.8799999999999,-0.11240857383986144,2.27201586529937,2.7979668118992933,101,,,,
5.66935743126755,12569.0,2039.6,-0.11717802669448685,16.01384858475452,2.9030942196645375,101,,,,
5.673944469841612,12575.0,2039.1200000000001,-0.11442051034055938,2.7522231444372576,3.1296850718361098,100,,,,
5.678618844953378,12584.0,2038.6799999999998,-0.1019086250096447,1.8697500447059652,3.037059634064759,101,,,,
5.6835136742812935,12587.0,2038.2400000000002,-0.08282001162522351,5.873795193499129,3.111668010979691,100,,,,
5.688528468206366,12591.0,2037.72,-0.06388284825453541,4.513314532564918,3.8433656201567876,100,,,,
5.692275103512809,12593.0,2037.3200000000002,-0.036642502265527524,6.743943551598917,4.273468881812259,100,,,,
5.695766978759088,12598.0,2037.2,-0.013859431261289912,2.514150177320682,4.184362179441921,98,,,,
5.698438150792656,12603.0,2037.3600000000001,0.015860709857372857,1.9232438641691476,4.37075806152812,96,,,,
5.70085101142254,12604.0,2037.6,0.04382116155635547,8.686298267584272,5.830580121773203,96,,,,
5.703509011567307,12607.0,2038.1200000000001,0.07070361701709885,3.189600173719041,6.012467408672439,96,,,,
5.705924944450854,12609.0,2038.56,0.09017999392346836,4.348679190385466,6.116693393600279,96,,,,
5.708472735719502,12615.0,2039.0400000000002,0.1005427227019899,1.5286747611886626,6.579565815459608,97,,,,
5.711090547279783,12616.0,2039.4800000000002,0.09730660767769693,9.424121617011359,6.4725147720807525,97,,,,
5.71347405599538,12619.0,2039.8799999999999,0.07402616806017834,2.8602104587163004,6.33243131004881,98,,,,
5.715705327649028,12622.0,2040.0400000000002,0.044383868889649944,2.6775259843780255,5.373038986244164,99,,,,
5.71843841780595,12623.0,2040.0400000000002,0.005836209582001983,9.839124564919413,4.909458192237048,99,,,,
5.720992912514267,12629.0,2039.8800000000003,-0.03215957145425137,1.5326968249899688,4.187140073699889,100,,,,
5.723318932072108,12635.0,2039.4,-0.07223762520225893,1.3956117347050596,4.060018872516497,100,,,,
5.72589970897239,12638.0,2038.8,-0.10421194919565972,3.0969322803384287,2.629580439485916,100,,,,
5.728070390661834,12643.0,2038.2,-0.12529458458439563,1.5628908163998696,2.2387999565808414,101,,,,
5.730473419903506,12647.0,2037.56,-0.1328729207030271,2.1627263175044042,2.7007447724017344,102,,,,
5.734214756157592,12650.0,2036.92,-0.13176578921319398,4.489603504903938,1.8451811868665466,102,,,,
5.738055326459758,12655.0,2036.48,-0.11793786293261185,2.765210617559384,2.993068694663178,102,,,,
5.741787421534201,12662.0,2036.3200000000002,-0.09400214923810832,1.9193631811420304,3.2923419064627724,100,,,,
5.7450556717640415,12663.0,2036.28,-0.06425346307899711,11.76570082742492,3.369977769330718,99,,,,
5.74788841032703,12668.0,2036.3200000000002,-0.030060345433694124,2.039571765351576,3.724472117960155,98,,,,
5.751271009733439,12669.0,2036.6,0.00718859873422868,12.177357863073949,4.008255715158288,98,,,,
5.755280770859391,12674.0,2036.8,0.03557824731835961,2.8870280106859663,4.197896807002303,99,,,,
5.759491180026153,12685.0,2037.08,0.061189508354341615,1.3779520909402028,6.099209490383197,98,,,,
5.7641997938695955,12692.0,2037.56,0.07761737848903738,2.4215728337706306,6.3652837274094,100,,,,
5.7687760135268,12700.0,2038.1200000000001,0.0836387482247299,2.059298845741865,5.818487706819599,101,,,,
5.772027953243257,12706.0,2038.36,0.0909214511642407,1.9511638298744856,5.909605327949613,100,,,,
5.775401418494327,12707.0,2038.7599999999998,0.10006656087329753,12.14447490384931,6.7816443200910985,100,,,,
5.778705635176516,12714.0,2039.1599999999999,0.11220036692081718,1.6993114365546174,8.213860137295836,101,,,,
5.781317098787201,12721.0,2039.3200000000002,0.1153544521116761,1.3430384283521055,8.20231233791368,100,,,,
5.783935843313037,12729.0,2039.58,0.11520772702031587,1.178435036626112,8.354716406185092,103,,,,
5.7873743597774325,12730.0,2040.06,0.10900600757505954,12.37865927182445,8.600731621706693,103,,,,
5.790301213043596,12731.0,2040.5400000000002,0.10763386735252398,10.536671758188515,9.31384045827561,103,,,,
5.792613419251289,12739.0,2040.8200000000002,0.09839401199700949,1.0404927934620756,7.991462599658853,104,,,,
5.795189678376779,12742.0,2041.14,0.08895569607898532,3.0915109505884732,8.732163275462982,105,,,,
5.797945911816173,12745.0,2041.3600000000001,0.09027940470732862,3.3074801272729064,8.574375493304009,111,,,,
5.799577799506741,12746.0,2041.48,0.08826122147299133,5.87479568604302,8.502717879256364,111,,,,
5.801688739257754,12748.0,2041.52,0.08718036789551308,3.7996915518242083,6.829794993124326,114,,,,
5.803598697276593,12749.0,2041.56,0.09169537780194563,6.875848867818726,5.482888706183731,114,,,,
5.80512227320888,12758.0,2041.6799999999998,0.11331156950239869,0.6094303729149193,5.513794216651833,114,,,,
5.806638374941294,12765.0,2041.8,0.13000844139375514,0.7797094623844661,6.110720710983961,113,,,,
5.809120003197039,12770.0,2042.08,0.15556607321454669,1.7867723441360308,6.060706260111345,113,,,,
5.810466727472587,12773.0,2042.48,0.17642288038014647,1.6160691306577006,6.158742814452791,112,,,,
5.8121119815203,12781.0,2043.08,0.19965545996529643,0.740364321470944,6.404412681051118,108,,,,
5.814023101037166,12783.0,2043.64,0.21866119923329347,3.440015130358547,7.110414624813764,108,,,,
5.816157926399144,12788.0,2044.3200000000002,0.23991108093943145,1.5370742606238983,7.670181607803686,108,,,,
5.817811023242013,12790.0,2044.8400000000001,0.261358337652796,2.9755743171645865,8.1046506506145,109,,,,
5.82028317666327,12794.0,2045.3199999999997,0.2811250602219852,2.224938079131043,8.214627112774437,110,,,,
5.822548435572516,12796.0,2045.72,0.29628485092736045,4.077466036643438,8.825149545589642,109,,,,
5.824662884899737,12801.0,2046.2400000000002,0.3033796071604522,1.5224035155984958,9.508438003441743,108,,,,
5.826529310431386,12806.0,2046.7599999999998,0.30668984465134824,1.343826382787439,9.315288496323145,108,,,,
5.828264844236434,12811.0,2047.4,0.30910641059888827,1.249584339634773,9.522979809916814,107,,,,
5.829524035186528,12813.0,2048.08,0.31809717552041117,2.266543710168307,11.002284339564346,107,,,,
5.831087187833739,12816.0,2048.7599999999998,0.3286468212002717,1.8757831766538369,10.753366610173982,107,,,,
5.832715423601096,12819.0,2049.28,0.3348454293189497,1.953882920828458,9.474069759238912,108,,,,
5.8343701731971604,12823.0,2049.84,0.34793965524174203,1.4892746364583536,9.65576952533721,108,,,,
5.836140968282594,12824.0,2050.36,0.35896632154091046,6.37486230756123,10.618942336202227,107,,,,
5.837558514948771,12828.0,2050.88,0.3619941541003101,1.2757919995593876,10.53222965750962,105,,,,
5.838372136756883,12831.0,2051.2799999999997,0.35992266660823347,0.9763461697343544,9.747507519353523,106,,,,
5.839710222485441,12834.0,2051.88,0.3634005935176549,1.6057028742699708,9.284656726708182,109,,,,
5.8413300724483985,12836.0,2052.44,0.36281317130818475,2.9157299333241347,10.70485313789602,110,,,,
5.842862698270541,12842.0,2053.0,0.35663356902126037,0.9195754932854271,10.83894895340988,111,,,,
5.844236445200681,12851.0,2053.52,0.3516425878568664,0.5494987720560481,9.36877148966866,112,,,,
5.845902585190704,12858.0,2054.2,0.35541986168168105,0.8568719948687831,9.293391128730388,111,,,,
5.847131480292857,12859.0,2054.7599999999998,0.36278786014582454,4.4240223677519435,11.713828908915366,111,,,,
5.849041757184228,12863.0,2055.32,0.35359726284709764,1.7192492022334467,11.571439683722373,111,,,,
5.850986964825658,12866.0,2055.84,0.34100095526198215,2.334249169716797,10.551369214293137,111,,,,
5.853431383439185,12873.0,2056.48,0.3280541688375228,1.2571295726709797,10.230939358089131,113,,,,
5.855723202481463,12874.0,2057.0,0.3068611382935932,8.250548552199366,10.179406498693243,113,,,,
5.857753619865396,12878.0,2057.44,0.26402074051605995,1.8273756455397943,10.609228468440579,116,,,,
5.8585815503719045,12880.0,2057.8,0.24556319204202715,1.490274911714445,9.314102527794912,117,,,,
5.859106786819976,12884.0,2058.12,0.23137666060435472,0.47271280326449794,8.529669605355519,134,,,,
5.859284513538179,12885.0,2058.28,0.2418523283148235,0.6398161855304652,7.476110867723486,134,,,,
5.85995658630534,12886.0,2058.28,0.23895504255922856,2.419461961777964,7.508985369904444,145,,,,
5.86084614917022,12887.0,2058.4,0.2216838770708487,3.202426313566969,4.659117767894249,147,,,,
5.8617289755475115,12895.0,2058.52,0.19037606683153846,0.3972718697813087,4.046152666753866,147,,,,
5.862553301808205,12901.0,2058.8,0.15721018829577155,0.494595756416271,3.5163836213959305,145,,,,
5.863420779853685,12902.0,2059.08,0.10973218257136523,3.122920963729377,3.6922259647002575,145,,,,
5.864408076529659,12908.0,2059.2400000000002,0.06504467562657369,0.59237800558427,3.5513909778237673,143,,,,
5.864875386294361,12910.0,2059.2400000000002,0.041886234652341266,0.8411575764622851,2.7276110791141006,143,,,,
5.8654750437027685,12918.0,2059.1600000000003,0.0007525255501045991,0.26984583378354265,1.70184136996154,141,,,,
5.866777670358278,12919.0,2058.88,-0.03810777613147755,4.689455959833168,1.6666917529690555,139,,,,
5.868541220362115,12922.0,2058.4800000000005,-0.10042255293714424,2.1162600046034563,1.5920309466035172,136,,,,
5.870298921975536,12926.0,2058.1600000000003,-0.14496397148024254,1.5819314520790306,1.0019769004303956,135,,,,
5.872412505791386,12930.0,2057.7599999999998,-0.16224873625064723,1.9022254342653848,0.9507143611077045,133,,,,
5.874309982084545,12933.0,2057.4,-0.15465326724744174,2.2769715517899334,0.9044768979216986,133,,,,
5.875517476116397,12936.0,2057.0,-0.1380951241855834,1.4489928382230715,1.1404448485566108,132,,,,
5.877238635742873,12941.0,2056.84,-0.10023461062105384,1.2392349310621646,0.9401299781141091,130,,,,
5.879051196430818,12950.0,2056.84,-0.06390508235245322,0.7250242751780064,1.094828660395251,129,,,,
5.881231179743508,12958.0,2057.0,-0.04413625459330715,0.9809924907105548,1.2840920123226218,126,,,,
5.883910972625664,12961.0,2057.2,-0.02488842236825952,3.2157514585877385,1.2769390924384534,130,,,,
5.886678771084945,12967.0,2057.52,-0.01829446712184084,1.6606790755687038,1.2447037010819166,131,,,,
5.888960609377661,12970.0,2057.6400000000003,-0.011523291480400488,2.73820595125963,1.497922728863231,130,,,,
5.89136411227943,12973.0,2057.56,-0.018491974750298283,2.8842034821224862,1.541767736691085,129,,,,
5.893156098994485,12981.0,2057.36,-0.027590468221459986,0.8063940217749618,1.5739307808096086,128,,,,
5.894816568333165,12989.0,2056.96,-0.042045471463073573,0.74721120240621,1.5943766023414527,127,,,,
5.897434208962107,12991.0,2056.56,-0.051687002611589115,4.71175313209586,2.289433384138879,126,,,,
5.900840148636531,12998.0,2056.16,-0.06866639208745319,1.7516261182753927,2.2927686051680656,125,,,,
5.903838180915297,13006.0,2055.92,-0.0714598300504027,1.3491145254448036,2.383577874771124,125,,,,
5.907177247696118,13014.0,2055.7400000000002,-0.06394293977619607,1.5025800513692544,3.0112388459799786,123,,,,
5.910710586073392,13015.0,2055.7400000000002,-0.05236320941485173,12.720018158189044,3.116245233700425,122,,,,
5.913330442503721,13020.0,2055.7,-0.030956904098094724,1.886296629836468,3.240851617171849,119,,,,
5.9153386026971555,13022.0,2055.78,-0.007493180322679302,3.6146883481828054,3.132026499371129,114,,,,
5.917604960964456,13023.0,2055.9,0.013272253407821694,8.158889762282906,3.1522300448601337,114,,,,
5.92047373839956,13030.0,2056.0,0.018162098319772356,1.475371252338607,3.646390649510438,114,,,,
5.923914950384932,13038.0,2056.16,0.017910843563233823,1.5485453934177549,3.5858115697040835,114,,,,
5.927264578470825,13044.0,2056.36,-0.0009721221641620037,2.00977685153586,2.6315061588160167,115,,,,
5.9299150079883445,13050.0,2056.4799999999996,-0.034801191919579144,1.5902577105118465,2.486131040415412,115,,,,
5.932320260412271,13051.0,2056.4,-0.07914745819265187,8.658908726136382,2.151476673000258,114,,,,
5.9338897211608685,13059.0,2056.2799999999997,-0.12215031001532092,0.7062573368690344,1.280717081070485,115,,,,
5.934134904329801,13068.0,2056.0,-0.17945448289931654,0.09807326757285946,1.1664913351845212,114,,,,
5.934174653338425,13073.0,2055.56,-0.21785709177057838,0.028619286209210316,1.1429384578887671,114,,,,
5.934347079854123,13079.0,2055.12,-0.24205713173629642,0.10345590941927413,0.9982806241039865,112,,,,
5.934480725395888,13085.0,2054.7599999999998,-0.26695791483809295,0.08018732505904692,0.9248414276667074,111,,,,
5.935301917618965,13089.0,2054.3199999999997,-0.2761404685151287,0.7390730007691345,0.3972588463185937,111,,,,
5.936413630697576,13091.0,2054.04,-0.2800918965923969,2.001083541500749,0.4098462722662197,111,,,,
5.937825143943173,13098.0,2053.88,-0.2773436311279566,0.7259210977355316,0.7329062206138431,111,,,,
5.9391753212361795,13105.0,2053.6400000000003,-0.2607744213432311,0.6943768935460355,0.7951117082049286,111,,,,
5.940499733931425,13111.0,2053.44,-0.22811421253998354,0.7946476171472957,1.2570046792950764,109,,,,
5.942528257658196,13119.0,2053.24,-0.20478702622926823,0.9128356770470466,1.3253574231484586,108,,,,
5.94435077551742,13120.0,2052.92,-0.16626024388961233,6.561064293204108,1.320058184212924,108,,,,
5.946711356532444,13125.0,2052.5199999999995,-0.152523732340818,1.6996183308173483,1.2292666166000696,110,,,,
5.949282258673163,13126.0,2052.32,-0.1548888632438632,9.255247706589355,1.32202429374633,110,,,,
5.9525602838329235,13132.0,2051.96,-0.16074629626994769,1.96681509585604,1.3528578438645427,111,,,,
5.95513494796874,13139.0,2051.6,-0.16371688915232846,1.3241129841340509,1.3914942795708638,112,,,,
5.957879184000349,13145.0,2051.16,-0.17164712927913112,1.6465416189653028,1.4491264258041547,111,,,,
5.960036934534485,13147.0,2050.7200000000003,-0.1669488189929263,3.8839509614437455,1.243355697717219,111,,,,
5.962328846187799,13151.0,2050.08,-0.1497828811740721,2.062720487982528,1.2642684218129636,112,,,,
5.964080914946847,13154.0,2049.6400000000003,-0.13609398115102142,2.1024825108574854,0.9086964712505254,111,,,,
5.966087419253982,13157.0,2049.12,-0.11717305700390453,2.407805168561768,0.988772373533125,112,,,,
5.968758560136113,13161.0,2048.8,-0.08414148024463487,2.4040267939183764,1.313757991678774,111,,,,
5.972310105296258,13171.0,2048.7599999999998,-0.05046286181178563,1.2785562576523606,1.545369627210275,111,,,,
5.9761741734544875,13181.0,2048.88,-0.026483820445175395,1.391064536962417,1.4517285970383331,112,,,,
5.979939574177059,13190.0,2048.96,0.0028766936166750336,1.5061602890283858,1.6863782736828767,110,,,,
5.983115805621395,13194.0,2049.3599999999997,0.036445571779328396,2.858608299903125,1.6573232776197646,107,,,,
5.9851165826019415,13198.0,2049.68,0.06979749826980586,1.800699282492109,1.698116424523563,106,,,,
5.985652381791888,13205.0,2049.8,0.09970282396754995,0.27555386911548396,1.8879274957180292,106,,,,
5.986049870144796,13206.0,2049.88,0.11955684698464694,1.430958070468366,2.008818427814272,106,,,,
5.9865968882977025,13215.0,2050.1600000000003,0.13339002020162655,0.21880726116287352,2.050338105213775,105,,,,
5.9874175782977,13220.0,2050.36,0.13484431696080626,0.5908967999984394,3.158507064540307,101,,,,
5.988919830614766,13224.0,2050.6,0.12999737583105286,1.3520270853598235,3.0321515213162753,102,,,,
5.990661708794195,13231.0,2050.84,0.12938803489447498,0.8958230637060779,3.3229531073723573,102,,,,
5.992446542181003,13241.0,2051.12,0.1380597877666947,0.6425400192510955,3.5609857542413694,105,,,,
5.993867665525026,13242.0,2051.2,0.14421856536271002,5.116044038481772,3.4683572901726634,105,,,,
5.996110598804142,13250.0,2051.4399999999996,0.14389974065991443,1.0093199756020348,3.6591974800340923,108,,,,
5.9981703804656075,13253.0,2051.7200000000003,0.1359440845543271,2.471737993758798,3.7070418121127107,109,,,,
6.000772930546062,13260.0,2052.0,0.11970295408782264,1.3384543270909526,3.4742733594630586,110,,,,
6.0026238864942805,13266.0,2052.2,0.10131750009912324,1.110573568931194,3.379387161105862,111,,,,
6.005175292521238,13273.0,2052.5199999999995,0.08944906584735317,1.3121516710065246,3.8671715930476394,113,,,,
6.0068716263979045,13279.0,2052.6400000000003,0.08886252214595176,1.0178003260001964,2.6503860326400064,113,,,,
6.0080667548193345,13288.0,2052.68,0.06961994453886339,0.4780513685719648,2.4358988403888047,111,,,,
6.00967660467685,13295.0,2052.68,0.038935318219400876,0.827922783864942,1.9469523004400942,114,,,,
6.011394618029564,13296.0,2052.8,0.006799830079920915,6.184848069769188,1.7317455312218524,114,,,,
6.012606500734262,13304.0,2052.88,-0.02272625438900791,0.545347217114353,1.6003717248559255,115,,,,
6.014065489573391,13314.0,2052.7599999999998,-0.05245174134372107,0.5252359820866611,1.4755609274048591,113,,,,
6.016244975396927,13319.0,2052.44,-0.05885555452959372,1.5692297929460552,1.4048784431407337,114,,,,
6.018819638511557,13327.0,2052.08,-0.050226022345294774,1.158598401583583,1.3812377637106645,113,,,,
6.02149052616853,13335.0,2051.68,-0.038414239188249606,1.2018994456379628,1.5089452931697955,115,,,,
6.024149565688629,13341.0,2051.4,-0.037829906821248246,1.5954237120594694,0.9593844368299497,115,,,,
6.026513487744791,13346.0,2051.4,-0.0463821960495749,1.7020238804365841,1.0491172073910062,114,,,,
6.028624404586155,13355.0,2051.68,-0.05319197803229003,0.8443667365456866,1.0939309463703595,113,,,,
6.030720359356425,13357.0,2052.0,-0.05594788670563727,3.7727185864875175,1.0729361735404956,114,,,,
6.0332061794210645,13363.0,2052.2,-0.05867688723670546,1.4914920387836041,1.0844752676022595,113,,,,
6.036346040355921,13368.0,2052.0800000000004,-0.06255764141685212,2.26069987309686,1.1286362251294608,114,,,,
6.039854501067077,13377.0,2051.7200000000003,-0.07001592714819525,1.4033842844623774,1.1384586719455172,115,,,,
6.043336566543288,13385.0,2051.2,-0.08983931560606082,1.5669294642951173,1.119073481483458,115,,,,
6.046467836249799,13390.0,2050.6400000000003,-0.12751791319994585,2.2545141886881517,1.225729868237122,112,,,,
6.049319836638221,13393.0,2050.0,-0.173141124681433,3.422400466105662,1.1542759786203234,112,,,,
6.051559060302297,13396.0,2049.4399999999996,-0.2134816157282165,2.6870683968911986,1.1660951497574725,111,,,,
6.053813452447883,13401.0,2048.92,-0.2459619684950524,1.6231623448217838,1.1068899156890697,111,,,,
6.056291390987315,13405.0,2048.2799999999997,-0.27139912159582347,2.230144685489127,1.1010605717103132,111,,,,
6.0586816709098255,13409.0,2047.56,-0.2810696763537092,2.151251930258896,1.087518755898151,110,,,,
6.060798483340338,13415.0,2046.92,-0.28870201686138286,1.270087458307124,1.0565776895387298,109,,,,
6.0625776808801835,13422.0,2046.28,-0.29082365364365914,0.9150158776349382,1.020537958994454,113,,,,
6.06371616887461,13427.0,2045.64,-0.3015653283452429,0.8197113559869952,0.9387496938842069,114,,,,
6.06463114165236,13432.0,2045.1599999999999,-0.31037950729777525,0.6587803999802029,1.1116101650468448,113,,,,
6.065799243528593,13439.0,2044.6799999999998,-0.31213341996614163,0.6007381077769883,1.037040549442642,112,,,,
6.066714755516375,13442.0,2044.2399999999998,-0.2984200908376899,1.098614385338385,1.000342401251228,112,,,,
6.068151713362366,13451.0,2043.6799999999998,-0.2832529755693388,0.5747831383962662,0.9484622676925035,111,,,,
6.070527592825615,13453.0,2043.1600000000003,-0.2531664125278547,4.276583033848046,0.9095842277026926,111,,,,
6.0735123139890055,13459.0,2042.64,-0.2168976485201654,1.790832698034526,1.01510680550163,110,,,,
6.076274348314242,13462.0,2042.28,-0.17840888969222868,3.314441190283654,1.2307308358635503,109,,,,
6.078841354399395,13469.0,2041.9599999999998,-0.12583952381240945,1.3201745580784987,1.7740723396314741,109,,,,
6.080735647740551,13479.0,2041.8400000000001,-0.07432543552873691,0.681945602816048,1.7586472951683774,108,,,,
6.081913784098593,13481.0,2041.8,-0.02133947627375677,2.120645444476721,1.790926697532201,115,,,,
6.082543283317576,13482.0,2041.9599999999998,0.0269662080614839,2.2661971883372023,2.5907796801897964,122,,,,
6.083636845434386,13483.0,2042.3199999999997,0.05874595948221913,3.936823620516568,2.6574970927223314,125,,,,
6.084609738268853,13490.0,2042.6799999999998,0.0671407469079621,0.5003448862973391,2.7262560229248884,122,,,,
6.085523953561155,13498.0,2042.9599999999998,0.09315327812417942,0.4113968815360606,2.9194890458031377,122,,,,
6.0869033167890425,13499.0,2043.2,0.1173450504289576,4.96570762039745,3.0819831802924567,123,,,,
6.088089399082151,13506.0,2043.2399999999998,0.14816579457787654,0.6099851793130271,3.139591220022936,125,,,,
6.089857366427114,13515.0,2043.08,0.1727260670425442,0.7071869379849324,4.136553546872018,126,,,,
6.091598333370847,13523.0,2043.2,0.198361422389562,0.7834351246797722,4.261730733534703,126,,,,
6.092938137735771,13531.0,2043.48,0.21254925662149735,0.6029119642160541,7.139799061382332,126,,,,
6.09439592450663,13539.0,2043.9599999999998,0.23519374867524712,0.6560040468864534,7.726044738489432,126,,,,
6.0962146272192745,13541.0,2044.52,0.25745706326348505,3.273664882759768,7.5052779312165345,127,,,,
6.098501392254477,13546.0,2045.3200000000002,0.2953520309891087,1.6464708253452223,7.603567212007012,129,,,,
6.100622564906103,13547.0,2045.9199999999996,0.33438535252588125,7.636221545852866,8.584684729505701,129,,,,
6.102355298487372,13552.0,2046.52,0.35727710758122005,1.2475681785139658,9.124947760948237,128,,,,
6.103215184382991,13554.0,2047.0400000000002,0.3675605926588677,1.5477946121153114,9.001632896168891,129,,,,
6.103983970144608,13560.0,2047.52,0.36573668936527837,0.4612714569701654,8.919867905916654,132,,,,
6.104602454533823,13561.0,2047.8400000000001,0.35593488454896793,2.2265438011761405,9.603010863653434,132,,,,
6.105053280812701,13562.0,2048.2,0.32560260469100893,1.6229746039611392,9.434063258395472,133,,,,
6.105339336102633,13568.0,2048.52,0.29780112741252285,0.17163317395916225,6.836510324562148,135,,,,
6.106074885540133,13575.0,2048.84,0.27166076700265485,0.3782825678575016,7.07312156611317,137,,,,
6.107923368003996,13576.0,2049.16,0.24625586976014846,6.654536869903901,8.082185015143816,137,,,,
6.110127551156452,13581.0,2049.4399999999996,0.22806587067271605,1.5870118697690172,8.54131439026051,138,,,,
6.11214601250834,13588.0,2049.6400000000003,0.22568996807590183,1.0380658381138637,8.672765172202185,140,,,,
6.114342868790833,13591.0,2049.96,0.22079132684042135,2.6362275389912644,8.456289181482454,137,,,,
6.116260952011101,13592.0,2050.2799999999997,0.22024054991532577,6.905099592964189,9.147188864304686,136,,,,
6.117984410513601,13595.0,2050.7599999999998,0.22245143055401737,2.0681502029997354,10.039126979335634,135,,,,
6.120118310796379,13597.0,2051.2799999999997,0.2206933823988067,3.841020508999305,8.661614184513855,135,,,,
6.122394726757539,13602.0,2051.8,0.2251695621748453,1.6390194920358967,8.660705327553634,134,,,,
6.124702137447466,13606.0,2052.32,0.24229447663827758,2.0766696209339877,9.013348966731707,135,,,,
6.127026849150178,13609.0,2052.84,0.2466398886399618,2.7896540432544827,8.51852104513001,136,,,,
6.128761621060436,13613.0,2053.2400000000002,0.24407504164822896,1.5612947192325306,7.051450556464528,138,,,,
6.130076899899458,13616.0,2053.6800000000003,0.22911296024316555,1.578334606826581,7.395051882677092,138,,,,
6.131250532054089,13618.0,2054.2400000000002,0.2179131025168671,2.112537878336931,6.656442445289192,135,,,,
6.132332713008869,13621.0,2054.6800000000003,0.19778116001733634,1.2986171457349558,6.572224269827219,132,,,,
6.133827170151969,13625.0,2054.96,0.18044982676750912,1.3450114287906816,6.237662835098396,132,,,,
6.1359615341110505,13627.0,2055.12,0.16724274879318995,3.8418551263471716,5.544348977911259,132,,,,
6.138775677414443,13632.0,2055.4,0.17397656880677909,2.026183178442323,5.241638639828264,132,,,,
6.1416943996550675,13638.0,2055.5199999999995,0.16920229230919048,1.7512333443751669,6.209187083153063,132,,,,
6.144757020099368,13645.0,2055.7200000000003,0.16740964357563295,1.5750619427831878,5.746348485098315,131,,,,
6.147159052724785,13652.0,2056.04,0.17654080152076612,1.2353310645004167,7.489062433933334,130,,,,
6.149118965977884,13660.0,2056.6400000000003,0.19981200295655216,0.8819609638947966,7.66027402052678,132,,,,
6.1502991037716495,13661.0,2057.04,0.23400578388448387,4.248496057556509,8.84262312341988,131,,,,
6.151478384642161,13668.0,2057.6000000000004,0.2755574315772205,0.6064873048345019,12.266887101654063,131,,,,
6.152717320197537,13669.0,2058.2,0.32400816205423755,4.460167999353795,12.628882900140301,132,,,,
6.154162844414951,13674.0,2058.84,0.36237398429562195,1.0407774365382827,12.85821424358835,131,,,,
6.156264789420626,13676.0,2059.52,0.39284196085528844,3.783501010216034,13.601391362369844,131,,,,
6.158618138743057,13677.0,2060.3599999999997,0.4028030198258935,8.472057560750047,16.032729862258655,131,,,,
6.160485816054669,13682.0,2061.16,0.41391162467168663,1.344727664360381,15.033652951674927,132,,,,
6.161946124197779,13687.0,2061.84,0.41381947841125744,1.0514218630390395,15.202735534004006,135,,,,
6.163295262550266,13690.0,2062.4800000000005,0.4376106185900735,1.6189660229845275,16.07428492661264,136,,,,
6.164307219735559,13691.0,2063.0,0.4670302457016578,3.6430458670531,17.78084225014565,136,,,,
6.165009095783844,13695.0,2063.3599999999997,0.4997873421580983,0.6316884434569909,15.909371819021146,137,,,,
6.1655707203308765,13699.0,2063.6400000000003,0.5427432125873687,0.5054620923290467,13.774354159471661,140,,,,
6.166580307418874,13700.0,2064.12,0.5929889276285436,3.6345135167900176,13.153317204563844,142,,,,
6.167338789772657,13701.0,2064.6,0.599211998804831,2.7305364736170477,12.506697004756251,144,,,,
6.167949353305757,13706.0,2065.04,0.6072139004289101,0.43960574383227485,11.464279871789161,144,,,,
6.168571868488023,13707.0,2065.52,0.5837130042247124,2.2410546561578784,8.804024834217984,145,,,,
6.169100222518625,13714.0,2065.96,0.536488343933256,0.27172493002380915,8.282965533361429,145,,,,
6.169147652813017,13723.0,2066.16,0.4913441830840818,0.01897211775669812,7.87079764245478,148,,,,
6.169169891829293,13724.0,2066.3200000000006,0.43562357110599625,0.08006045859397633,5.158583299775519,149,,,,
6.169192130844862,13725.0,2066.36,0.40293756489585275,0.0800604560476097,3.0415746530779693,150,,,,
6.1692143698597235,13737.0,2066.3199999999997,0.3434741578185822,0.006671704458436923,2.7629575510154805,149,,,,
6.169242044962158,13742.0,2066.2799999999997,0.2592934786991878,0.019926073752800286,0.9797515287566185,145,,,,
6.169534080989724,13743.0,2066.2799999999997,0.1819962746585615,1.051329699235834,0.8029898028765745,142,,,,
6.169844276370432,13745.0,2066.36,0.16502276159046914,0.5583516852743066,0.8775051578606661,139,,,,
6.170386181393866,13750.0,2066.4,0.12313493800073456,0.3901716168725813,0.8611441956181463,136,,,,
6.17092287328205,13756.0,2066.4399999999996,0.14260584503526114,0.3220151329108226,0.832010995870179,133,,,,
6.171336863344128,13765.0,2066.52,0.18469912761392107,0.1655960248309917,0.8353049640630401,129,,,,
6.171502913948313,13767.0,2066.6400000000003,0.18835328162373757,0.29889108753370486,0.8524149529962468,127,,,,
6.171761415347345,13774.0,2066.68,0.17358935696255545,0.132943576645058,0.5707522904039202,127,,,,
6.172032820337924,13786.0,2066.8,0.1396228473464872,0.08142149717384048,0.4372701629106584,127,,,,
6.17214120132712,13799.0,2066.88,0.12418791120898605,0.030013197007959545,0.36055339204606535,124,,,,
6.1724418113915505,13808.0,2066.84,0.11010682276296087,0.12024402577218062,0.29513633145719825,123,,,,
6.1727913637962,13817.0,2066.8,0.09050161217057759,0.1398209618600214,0.26847392544416665,122,,,,
6.173230675547495,13828.0,2066.8,0.03175726033742826,0.1437747549691237,0.2696674920021818,121,,,,
6.173501628006717,13840.0,2066.8,0.026394732429793892,0.08128573776669834,0.3235670421299601,118,,,,
6.173916919349802,13851.0,2066.8,-0.0016793595500179364,0.13591353046421797,0.35821062303887585,120,,,,
6.174046170043932,13853.0,2066.84,-0.005112567966017029,0.2326512494351432,0.4309154783090209,115,,,,
6.1742358912121125,13854.0,2066.7200000000003,0.03868088619513937,0.682996205446983,0.46177885067298974,115,,,,
6.175295639378379,13862.0,2066.7599999999998,0.09611726084728689,0.47688667481989216,0.5366813649284382,115,,,,
6.17628208238102,13875.0,2066.8,0.10250553529277476,0.27316883150060495,0.5510468226538676,115,,,,
6.177317116311749,13885.0,2066.9199999999996,0.11530650482283997,0.3726122150625511,0.5716081104640109,115,,,,
6.178091099496555,13896.0,2067.0800000000004,0.12153249568625239,0.2533035877547952,0.6288429270784741,112,,,,
6.1785736774345095,13900.0,2067.32,0.13189279112608118,0.4343201441586991,1.0282618928272882,111,,,,
6.1786641457642215,13903.0,2067.36,0.18825521461987665,0.10856199565457018,1.122304249027081,111,,,,
6.178896027642137,13913.0,2067.44,0.23905937596259724,0.08347747604987468,1.2689261263778764,111,,,,
6.179174265406771,13919.0,2067.4800000000005,0.28254060622137894,0.16694265877988787,1.978610613908869,110,,,,
6.17967040769728,13921.0,2067.6,0.31754107098469236,0.8930561229163372,2.422978059886013,107,,,,
6.180497362966541,13929.0,2067.8399999999997,0.334587259981836,0.3721298711675384,4.581779431062602,106,,,,
6.181545166010876,13937.0,2068.2799999999997,0.3396296389230261,0.47151136995051207,5.490526082379313,105,,,,
6.182706762544861,13940.0,2068.72,0.36729687281164697,1.3939158407813623,6.755372794081649,106,,,,
6.183951203109426,13945.0,2069.28,0.38906101791431935,0.895997206486605,7.318100689595011,106,,,,
6.184924655064416,13946.0,2069.8,0.4150722293708727,3.5044270379634708,8.803919762954568,106,,,,
6.18619644634437,13949.0,2070.36,0.4300669044844881,1.526149535944871,9.07699456021822,110,,,,
6.187318236414351,13951.0,2070.7599999999998,0.4205584470208432,2.0192221259654084,9.22749019478363,111,,,,
6.188678411921706,13956.0,2071.1600000000003,0.40099494885714826,0.979326365295544,10.185505993085537,111,,,,
6.19012629240925,13958.0,2071.5199999999995,0.396254710741931,2.6061848775788894,10.552871381471622,111,,,,
6.191406801026831,13962.0,2071.88,0.3994362743086842,1.1524577558230729,10.746163591882011,111,,,,
6.192242893119121,13968.0,2072.16,0.4336451681353459,0.5016552553736532,9.552539743245097,114,,,,
6.193117527458269,13970.0,2072.5600000000004,0.47355952203765533,1.5743418104660638,9.034812210288612,113,,,,
6.1938739847009945,13972.0,2073.04,0.5201230612705339,1.3616230369049946,8.365897022097151,112,,,,
6.1948329009082075,13976.0,2073.64,0.5540906958286299,0.8630245864920711,8.648031378697599,112,,,,
6.19585688045677,13979.0,2074.4,0.5817302779742309,1.228775458274827,7.398983712316786,113,,,,
6.196679091054043,13984.0,2075.2,0.6064212062434634,0.5919916300370034,10.01317538364389,114,,,,
6.197729758355185,13989.0,2075.96,0.6310475083116447,0.7564804568220914,9.985924954831544,116,,,,
6.198607695358748,13992.0,2076.64,0.6488805545791055,1.0535244042768317,9.81422184914676,116,,,,
6.19942990602202,14000.0,2077.2799999999997,0.6786988099145496,0.36999479847228195,13.237837663903946,116,,,,
6.200536179780835,14001.0,2077.9200000000005,0.6990358180884293,3.982585531734647,13.327154245792523,115,,,,
6.201669945694614,14012.0,2078.48,0.6852051943783126,0.3710506626912433,13.123622815273006,114,,,,
6.203039791018808,14016.0,2079.12,0.6815150012169112,1.2328607917746903,13.458618480617968,114,,,,
6.20456260142803,14017.0,2079.96,0.6677175224788388,5.48211747320069,14.877400992911674,114,,,,
6.205910548096018,14022.0,2080.84,0.6483371661428668,0.9705216009510169,14.426622231944062,115,,,,
6.207003675994485,14026.0,2081.56,0.6376563429941848,0.9838151086199268,14.921868083593655,113,,,,
6.2081094269076145,14030.0,2082.4,0.6350709988603214,0.9951758218167079,11.863675222830631,112,,,,
6.208793887135906,14031.0,2083.04,0.628834789089254,2.464056821851374,12.608627173078785,111,,,,
6.20950359465381,14036.0,2083.4800000000005,0.6301190196223111,0.5109894128911086,12.696758765952653,114,,,,
6.210040288085989,14038.0,2083.88,0.6277322862682322,0.9660481779211655,8.561646873138558,115,,,,
6.210543448194142,14044.0,2084.32,0.6111306964936025,0.3018960648918337,9.534775757979087,117,,,,
6.211247691491611,14046.0,2084.68,0.601842598977545,1.2676379354436484,9.496147446168289,116,,,,
6.2119915423872465,14048.0,2085.16,0.572001724746868,1.3389316121434187,9.226882879036376,116,,,,
6.212693350158056,14053.0,2085.84,0.5685383413099324,0.5053015949830351,11.81976787746073,114,,,,
6.213883200897759,14055.0,2086.4800000000005,0.5689606857994736,2.1417313314646687,15.693355525232096,114,,,,
6.215185039766696,14060.0,2087.08,0.5702400250950015,0.9373239856341599,15.379732017944772,115,,,,
6.216489960953109,14067.0,2087.64,0.5589853428640268,0.6711023244411545,16.380391229063314,118,,,,
6.218041273394906,14068.0,2088.28,0.5542075557962634,5.584724790468018,15.606468494032995,118,,,,
6.219478231078809,14069.0,2088.7599999999998,0.5012534360533163,5.173047662051774,14.549825022974854,118,,,,
6.220284445999885,14073.0,2089.24,0.436100460896061,0.7255934289689755,14.254221043741314,121,,,,
6.22089501026651,14074.0,2089.6400000000003,0.3801787421741016,2.1980313598484216,12.617739501674528,121,,,,
6.221348990890274,14077.0,2090.0,0.34482424172712745,0.5447767485165309,12.164273533671032,123,,,,
6.22167389323189,14087.0,2090.04,0.32109805754215537,0.11696484298197964,12.756215699773563,123,,,,
6.22220295176867,14094.0,2090.12,0.306583326242578,0.27208724748687885,8.91473249318499,124,,,,
6.22298777208851,14103.0,2090.2,0.3058761950690607,0.31392812793600183,6.195466557902735,124,,,,
6.22436294034087,14110.0,2090.4399999999996,0.30897888885693797,0.7072293869281947,6.50861342617434,123,,,,
6.225746078184426,14112.0,2090.76,0.3101870451629538,2.4896481184010857,5.938834011858582,122,,,,
6.227586313029113,14116.0,2091.32,0.32442015125950535,1.656211360218719,6.954423711722377,122,,,,
6.2291857661934,14118.0,2091.9200000000005,0.3675041592455858,2.8790156957148945,10.301835049398944,122,,,,
6.230622381286649,14122.0,2092.6,0.40898417809745063,1.2929535839246382,10.64758802555722,121,,,,
6.231431054131764,14125.0,2093.2,0.44932416966224215,0.9704074141375603,14.645493342584967,121,,,,
6.232814191507341,14128.0,2093.9199999999996,0.48155170845173123,1.6597648506926808,15.867972974608858,118,,,,
6.233951965497231,14129.0,2094.56,0.5081353558487559,4.095986363602335,15.564990655362703,118,,,,
6.23489472957056,14135.0,2095.2,0.5249775020043371,0.5656584439973102,18.28170800584039,120,,,,
6.236279125135808,14136.0,2095.8,0.5342505192677346,4.983824034892936,17.536122868136125,121,,,,
6.237831517423642,14139.0,2096.44,0.5375708572456859,1.862870745399945,17.67539341643137,121,,,,
6.239246628652896,14144.0,2097.0799999999995,0.5648515531498536,1.0188800850626394,18.495575572551594,121,,,,
6.240421909850485,14145.0,2097.7599999999998,0.5772192174314096,4.231012311321468,17.94643613900206,121,,,,
6.241536270418455,14149.0,2098.3199999999997,0.5997206693772453,1.0029245111728597,14.75119231803111,126,,,,
6.24216576689246,14151.0,2098.84,0.6493519880913233,1.133093653208692,14.617744364563043,129,,,,
6.24266788141224,14152.0,2099.4399999999996,0.6994179705533239,1.8076122712080784,11.269417061485195,129,,,,
6.243166536578912,14154.0,2099.9199999999996,0.7274850980246861,0.8975793000098458,10.140160810315473,130,,,,
6.243583785160001,14160.0,2100.3599999999997,0.74835788592188,0.250349148653096,9.917521763022766,129,,,,
6.24403383748929,14164.0,2100.92,0.7696820870932952,0.4050470963601002,6.910330026757228,130,,,,
6.244563805890683,14166.0,2101.4399999999996,0.7884363751183419,0.9539431225079789,7.209363197942696,131,,,,
6.245123532389742,14170.0,2101.92,0.8067015093009123,0.5037538491523503,7.370622028284489,129,,,,
6.245540711697623,14172.0,2102.4,0.7962810497640421,0.7509227541853023,6.787729295198304,127,,,,
6.246050466090987,14175.0,2102.96,0.7972471096724421,0.6117052720369343,6.615726385211746,126,,,,
6.246807591661022,14177.0,2103.48,0.7788451703495048,1.36282602606435,8.632140509895319,126,,,,
6.247913572323427,14180.0,2104.04,0.7383855395559114,1.3271767948867947,8.781874368432447,126,,,,
6.248835298528486,14183.0,2104.52,0.6929787646818067,1.106071446070499,10.445540128280445,125,,,,
6.249602593102024,14187.0,2105.08,0.6741188809822275,0.6905651161836879,10.926114839265015,124,,,,
6.250346261247577,14188.0,2105.56,0.6598474199394342,2.677205323990629,14.347313007872108,124,,,,
6.251484265544613,14195.0,2106.16,0.6350680022877975,0.5852593527610386,15.189139029865725,126,,,,
6.252305445776885,14196.0,2106.72,0.6152992585573122,2.9562488361809103,15.16520813828796,126,,,,
6.253507834410553,14200.0,2107.4,0.5949259477147966,1.0821497703012224,17.369957353291234,127,,,,
6.254860197585917,14201.0,2108.0800000000004,0.5907189781261657,4.868507431311338,17.275509745009806,126,,,,
6.2562142687357065,14204.0,2108.7599999999998,0.5801963993043275,1.6248853797470206,17.694159413437692,126,,,,
6.257325955394178,14207.0,2109.4,0.5916073716123011,1.334023990165128,16.232331691757242,126,,,,
6.258431706437908,14208.0,2110.0,0.5830649111010581,3.980703757430231,17.070542340464378,126,,,,
6.259534371973869,14212.0,2110.6400000000003,0.593884680281979,0.9923989823648495,17.4374779312392,127,,,,
6.26052973124305,14215.0,2111.2400000000002,0.5834801502255129,1.194431123017309,18.90711279820105,128,,,,
6.261549533328389,14219.0,2111.88,0.591797908437447,0.9178218768048896,15.506270930111688,129,,,,
6.262435137870744,14221.0,2112.3599999999997,0.59854460148359,1.5940881762388628,16.215596282428745,134,,,,
6.263378991854174,14222.0,2112.96,0.6217811073795838,3.397874340347991,15.833425633222088,135,,,,
6.26417091671831,14223.0,2113.4399999999996,0.6247410006929974,2.8509295108901815,14.056171888472216,136,,,,
6.26503249737311,14227.0,2114.04,0.6110704527658284,0.7754225893202283,13.45238931832716,137,,,,
6.2657209957741316,14228.0,2114.6,0.5548015445193415,2.478594243676081,12.601113028358286,137,,,,
6.266692176134357,14232.0,2115.2400000000002,0.5087037935265227,0.8740623242025471,12.040467811875551,139,,,,
6.267280330818378,14233.0,2115.68,0.45821323057468116,2.1173568624764623,10.801633078258565,140,,,,
6.267882237117717,14239.0,2116.0,0.40406327013149157,0.36114377960296123,8.16424182960688,139,,,,
6.268648370447069,14250.0,2116.0,0.3763370069228599,0.2507345441517272,7.007002036448614,141,,,,
6.269513429639108,14258.0,2116.12,0.3487637514887981,0.3892766364175476,6.8275815248782505,139,,,,
6.270054179020961,14269.0,2116.12,0.3256033999809243,0.1769725249699431,5.612020878124764,138,,,,
6.2706311411829745,14274.0,2116.2,0.2999761220422549,0.4154127566500613,6.521471732510667,135,,,,
6.27137266754537,14275.0,2116.44,0.3046223650776554,2.6694949046219305,6.101297268969282,134,,,,
6.272167621245181,14278.0,2116.88,0.32785721781051547,0.9539444397738567,8.099821019059428,134,,,,
6.273380805980519,14281.0,2117.3599999999997,0.3862038413252679,1.4558216824061139,9.918913537236545,134,,,,
6.27476480654724,14283.0,2117.96,0.42762546069614,2.491201020098033,10.726748676092317,134,,,,
6.27633028996456,14287.0,2118.68,0.4844655981627133,1.4089350755877241,13.985405906515984,134,,,,
6.277814201292589,14289.0,2119.4800000000005,0.5275898748189329,2.6710403904528177,14.71124292363329,134,,,,
6.279124893960991,14291.0,2120.2,0.5534151008137324,2.359246803123512,15.301936949791695,135,,,,
6.280475257766568,14295.0,2120.96,0.5755523213513045,1.2153274250197699,17.08701699655901,135,,,,
6.2815933262386405,14296.0,2121.72,0.5900094095759667,4.025046499460381,17.161176838129784,135,,,,
6.282507678187893,14299.0,2122.44,0.5924015892241558,1.0972223391030627,16.71393729698902,135,,,,
6.283712713234856,14301.0,2123.16,0.5907737372872238,2.1690630845325973,17.343096445346415,135,,,,
6.285217110392536,14303.0,2124.08,0.5789386928634994,2.70791488382536,19.838740727064515,135,,,,
6.286751639230996,14308.0,2124.92,0.5628336626126278,1.104860763690869,19.274099577724833,135,,,,
6.28834092475244,14312.0,2125.7200000000003,0.5555401390189626,1.4303569692997478,19.677840597173503,135,,,,
6.290085268741729,14315.0,2126.6,0.5534890089518217,2.0932127871472677,18.47269125534054,135,,,,
6.291661567144061,14316.0,2127.44,0.5449943858856608,5.67467424839547,18.330799855228186,136,,,,
6.293061294377606,14319.0,2128.08,0.5284580099017723,1.6796726802534248,17.47210520423148,136,,,,
6.2944790028111965,14322.0,2128.8399999999997,0.5000213326169114,1.701250120309278,18.041777666666853,136,,,,
6.296074527304761,14324.0,2129.6400000000003,0.46753681684969867,2.8719440884160816,19.86873115877358,137,,,,
6.297636091910993,14329.0,2130.2799999999997,0.44113581557339787,1.1243265164875544,20.211440163757317,140,,,,
6.298863656903144,14332.0,2130.8,0.4195138584113275,1.4730779905813844,19.865546034883806,146,,,,
6.300134777390692,14333.0,2131.3599999999997,0.406692110171862,4.576033755172137,15.935225622306353,149,,,,
6.301353108357244,14334.0,2131.8,0.411867119316182,4.385991479585458,15.489539290954648,150,,,,
6.302710133634245,14336.0,2132.3199999999997,0.41239481769177316,2.4426454986026727,16.978150846790662,151,,,,
6.304607038892413,14339.0,2133.0,0.40448211772361625,2.2762863098007364,15.339073396774287,150,,,,
6.306397652458483,14344.0,2133.7200000000003,0.4025678382345049,1.289241767570727,15.110894921821568,150,,,,
6.308894727944205,14350.0,2134.5200000000004,0.416155804872761,1.4982452914328157,15.275542235342737,150,,,,
6.311402464535794,14352.0,2135.3599999999997,0.42075133504672885,4.513925864859835,12.952058409058278,150,,,,
6.3134451810249,14362.0,2136.12,0.4389725104648897,0.7353779360780268,11.243934155281206,146,,,,
6.314496769599539,14367.0,2136.8,0.4549998149108367,0.7571437737404907,12.675434429433697,145,,,,
6.315735384512667,14370.0,2137.56,0.46783474244633483,1.486337895753978,12.163018761320208,144,,,,
6.316453694880885,14374.0,2138.2,0.47661073922558,0.6464793313962613,14.992086965542939,144,,,,
6.317565989483055,14377.0,2138.84,0.480252519397366,1.3347535226034544,14.862614494432066,143,,,,
6.318663062017122,14378.0,2139.44,0.4697023699921242,3.949461122643702,13.043945597774343,143,,,,
6.31999281494359,14382.0,2140.08,0.4638850564565522,1.1967776338214648,14.199860880494953,144,,,,
6.321422014797693,14383.0,2140.72,0.44925527886223654,5.145119474770833,14.143857094381687,144,,,,
6.322804604451531,14387.0,2141.3599999999997,0.42898865802346764,1.244330688454679,15.667526174825719,145,,,,
6.324235624461734,14390.0,2141.9,0.4145507989050379,1.717224012243054,17.657168794359794,145,,,,
6.325757274786868,14392.0,2142.46,0.4003710661545628,2.738970585242747,17.128715441434814,145,,,,
6.326929046068134,14397.0,2142.8599999999997,0.3838233990789911,0.8436753225116139,16.23586396918798,142,,,,
6.32827005497539,14398.0,2143.3,0.36549439344874446,4.827632066122639,15.948245062386153,142,,,,
6.329648933327712,14399.0,2143.74,0.33691698576830376,4.963962068358293,13.174238800108483,142,,,,
6.331204901372185,14404.0,2144.2799999999997,0.30458463563163585,1.1202969920211214,13.456662581026581,143,,,,
6.332951008630647,14405.0,2144.84,0.2809052742960061,6.285986130461393,13.525062995531801,143,,,,
6.3350976981675,14410.0,2145.52,0.253260009754382,1.5456164665340326,12.43741101025676,142,,,,
6.3370472242093525,14413.0,2146.04,0.234252097633398,2.3394312502228054,12.567503927672572,141,,,,
6.339769337055465,14416.0,2146.52,0.21773309710256966,3.266535415334532,11.295747236017245,140,,,,
6.342774857735896,14419.0,2147.0,0.2033893368339156,3.6066248165178543,9.375798912104518,139,,,,
6.34596385445209,14425.0,2147.4,0.18557431834895624,1.913398029716129,9.449178497582624,136,,,,
6.349634983364136,14431.0,2147.68,0.1713843051148775,2.2026773472277146,9.87724840680573,133,,,,
6.353902820562704,14434.0,2148.08,0.1599408631363909,5.121404638281292,9.87617332764587,133,,,,
6.357483908470667,14440.0,2148.5199999999995,0.15809607909263196,2.1486527447777815,10.974557184726379,131,,,,
6.361025094507247,14446.0,2148.96,0.16671807702781505,2.1247116219483346,10.807772540815098,131,,,,
6.364104650693603,14447.0,2149.4399999999996,0.17234617480692518,11.086402270881418,10.349617144246753,131,,,,
6.366816914560491,14452.0,2150.08,0.19055902632566515,1.952829984159253,10.532501782310325,129,,,,
6.368894675320803,14453.0,2150.6400000000003,0.20962832430356318,7.4799387371224055,12.222537211356496,128,,,,
6.37116265390987,14456.0,2151.2799999999997,0.2226610740507573,2.721574306881154,11.331950171937775,127,,,,
6.37274451683819,14459.0,2151.7599999999998,0.23926289076035018,1.8982355139842189,11.876113570139207,126,,,,
6.374781048799695,14463.0,2152.3599999999997,0.2727353567243126,1.8328787653549603,12.276108207851177,125,,,,
6.376229825032948,14464.0,2152.84,0.2962334175525493,5.215594439710825,10.335197854898897,125,,,,
6.3773048715017175,14468.0,2153.2400000000002,0.32646032267723907,0.9675418218920935,10.13590614726882,126,,,,
6.378469726399004,14470.0,2153.68,0.35557839584471984,2.0967388151154593,9.519427217229248,124,,,,
6.379996478180136,14473.0,2154.2799999999997,0.3596803792362195,1.832102137358035,8.659172592465257,121,,,,
6.381212673959362,14477.0,2154.7200000000003,0.3422682095660373,1.0945762013031184,7.974407186214613,121,,,,
6.382415469064637,14482.0,2155.2,0.3045165602234998,0.866012475798144,7.264664262526354,121,,,,
6.383359947292418,14483.0,2155.6,0.25691970856740326,3.4001216200119524,5.107658136111253,121,,,,
6.383797374803725,14490.0,2155.84,0.2172843394406087,0.22496272010072002,4.6759902166805745,121,,,,
6.383879737664398,14499.0,2155.88,0.16492276331406946,0.03294514426922676,3.671642066059068,136,,,,
6.383935088164898,14500.0,2155.84,0.11098092777426358,0.19926180179636752,2.70810900036724,151,,,,
6.384201956357382,14501.0,2155.7200000000003,0.06095375824773826,0.9607254929422496,2.1777083436183755,151,,,,
6.384936028732853,14508.0,2155.6400000000003,0.00026365059658527146,0.3775229359569042,1.8033947117480114,148,,,,
6.385795170380705,14510.0,2155.5199999999995,-0.0465335234265945,1.5464549661329043,0.5051379945948206,147,,,,
6.386527017421897,14518.0,2155.48,-0.07212878379911516,0.3293311685364657,0.7881442293660853,147,,,,
6.387353972816651,14524.0,2155.4,-0.07626124731138349,0.4961732368526022,0.9652792479038886,145,,,,
6.388133035286284,14533.0,2155.3199999999997,-0.06282773111031978,0.3116249878531728,1.3475820780724537,142,,,,
6.388828438121788,14541.0,2155.3599999999997,-0.036059479230852835,0.31293127597694437,2.1967502558589134,139,,,,
6.389995420048064,14542.0,2155.4399999999996,-0.01965899369253305,4.201134934591874,2.3696470552884965,138,,,,
6.391489428622005,14545.0,2155.46,0.004779602024182768,1.7928102887299022,2.410405802129937,135,,,,
6.393627077199746,14547.0,2155.58,0.012525497219515281,3.847767439931755,2.5751007878776497,132,,,,
6.396044635525136,14548.0,2155.7,0.025544655537216333,8.703209971406084,3.0913293788226275,131,,,,
6.398600139681463,14554.0,2155.7400000000002,0.04314138600608762,1.5333024937958142,3.2698879557402605,133,,,,
6.400855906093535,14562.0,2155.7799999999997,0.05023128550882729,1.0150948854325954,3.2574099348108474,134,,,,
6.402946372722917,14568.0,2155.8,0.05189177005290855,1.254279977628675,2.9209491896975157,133,,,,
6.403955130849457,14569.0,2155.84,0.0556033004356817,3.6315292555464,2.79525268730962,130,,,,
6.404740757204234,14571.0,2156.0,0.04522744355891745,1.4141274385980154,2.535985984539871,127,,,,
6.4048624390152815,14576.0,2156.2,0.028457019990065436,0.08761090395412777,1.7562009206438476,126,,,,
6.4054723306117705,14587.0,2156.36,0.014826045029319649,0.19960088612379467,1.8162475505187665,127,,,,
6.407449542294826,14599.0,2156.48,0.0022884117718920322,0.593163504916684,1.8787482194629603,125,,,,
6.410753130924238,14606.0,2156.4,-0.0040788217409684835,1.6989884379836,1.8985501372177425,126,,,,
6.415151369732908,14613.0,2156.12,-0.0046297127446418935,2.261951387316082,1.5684934407342963,126,,,,
6.419890217420112,14619.0,2155.7599999999998,-0.006183882691538254,2.843308612322177,1.6305428746484327,127,,,,
6.424667854764168,14627.0,2155.4,-0.0036529220414904555,2.1499368048252365,1.9434526117161472,125,,,,
6.429027014791618,14635.0,2155.2,0.004214196756301568,1.9616220123526698,2.495497705323586,125,,,,
6.433299046481185,14643.0,2155.2799999999997,0.013149461327008782,1.9224142603050383,2.849951318001492,123,,,,
6.436819294614557,14649.0,2155.6,0.027109486375542925,2.112148880022813,3.1255904826284353,123,,,,
6.440708535123073,14655.0,2156.12,0.04452468729090159,2.3335443051095393,4.75705183952927,122,,,,
6.444881306731595,14659.0,2156.7200000000003,0.05912235991848841,3.7554944476703915,4.9706473861548055,122,,,,
6.448362791266575,14664.0,2157.2400000000002,0.07148937340047674,2.5066688651854503,5.718635968539268,123,,,,
6.451840292650617,14669.0,2157.6400000000003,0.08134813364936833,2.5038009965102104,6.0107234462298464,124,,,,
6.45515606492684,14670.0,2157.92,0.0855110975896066,11.936780194400097,7.523581858414547,124,,,,
6.458895943926593,14675.0,2158.04,0.08518901958109439,2.6927128798221713,7.6559273513321475,127,,,,
6.4618778192051245,14677.0,2158.12,0.08368485289123882,5.367375501356634,8.312920293723081,129,,,,
6.465749139537217,14682.0,2158.2799999999997,0.08296929228815493,2.7873506391066805,8.226643739672983,132,,,,
6.468862781705504,14683.0,2158.48,0.08414738067060226,11.209111805835276,8.553342081536115,133,,,,
6.4723725764796125,14689.0,2158.7200000000003,0.09081435926663106,2.1058768644649577,8.756687283057,135,,,,
6.475130775133554,14691.0,2159.08,0.10142901303870766,4.964757577095085,7.48051764207396,135,,,,
6.478327700710112,14696.0,2159.52,0.11439280107723518,2.3017864151222427,7.784137951350246,134,,,,
6.481051499191777,14699.0,2159.96,0.12730329786530434,3.2685581779976465,7.5118338576577575,133,,,,
6.483984974225729,14703.0,2160.44,0.14170944919607267,2.6401275305570366,8.167069006126281,132,,,,
6.48647591593968,14707.0,2160.92,0.1518004455125924,2.241847542556176,7.377130361050311,131,,,,
6.488895679104743,14710.0,2161.32,0.16472212805096,2.9037157980762185,7.354617925730868,132,,,,
6.490915280723694,14713.0,2161.6800000000003,0.17379717706655518,2.423521942741494,8.037994268946772,135,,,,
6.493084622712718,14715.0,2162.12,0.18354793744678072,3.9048155802430484,8.0088810466247,136,,,,
6.494825789529838,14717.0,2162.4800000000005,0.18678392071291114,3.134100270814962,9.046450150739137,137,,,,
6.496853873078418,14723.0,2162.9199999999996,0.1905729228303291,1.2168501291484375,8.91097725907792,137,,,,
6.498761233148114,14724.0,2163.3599999999997,0.19142598215037585,6.866496250906625,8.961820274599138,137,,,,
6.501256398216605,14730.0,2163.8799999999997,0.19324468891701702,1.4970990410946128,8.978367585613828,138,,,,
6.503260948147328,14731.0,2164.2799999999997,0.19601918484961758,7.21637975060111,8.706131057408617,138,,,,
6.505566375517413,14736.0,2164.76,0.19280845061897262,1.6599077064612855,8.909482843640841,140,,,,
6.50786695938681,14740.0,2165.24,0.18914169265461994,2.070525482457437,8.708993368506544,141,,,,
6.510191831307715,14743.0,2165.7200000000003,0.1785911444121629,2.7898463050862103,9.131050472670443,142,,,,
6.512667624552412,14749.0,2166.24,0.16981072880294146,1.4854759468183876,7.995032903832268,144,,,,
6.515568536228048,14751.0,2166.7200000000003,0.15465415787247405,5.221641016145102,8.789296676672842,143,,,,
6.519643660173666,14756.0,2167.12,0.1474502788706526,2.934089240845534,7.545631141075387,143,,,,
6.52328892370049,14760.0,2167.44,0.13949956026721955,3.2807371741417013,8.263512556734526,142,,,,
6.527635570058852,14767.0,2167.8399999999997,0.13534990658839055,2.2354181271571685,8.412480442021163,139,,,,
6.531295465146168,14769.0,2168.16,0.13100040875116278,6.587811157168284,8.415114996788287,138,,,,
6.535152366535778,14775.0,2168.56,0.1311828274454142,2.3141408337660136,8.415187234821593,136,,,,
6.5380953712260315,14777.0,2169.04,0.13121702952770206,5.297408442455937,8.832117635574496,135,,,,
6.541797064002553,14781.0,2169.5600000000004,0.1317867221520172,3.331523498869603,8.31216923541849,134,,,,
6.544745389028713,14784.0,2170.0,0.12840177383393564,3.537990031391381,7.683551313207266,134,,,,
6.548429985176614,14791.0,2170.52,0.11928619338742193,1.8949351617776318,7.377100528928787,133,,,,
6.551395105146622,14792.0,2170.92,0.1000827637481003,10.674431892030178,6.125067238911028,133,,,,
6.553873895535786,14799.0,2171.2,0.07470266944929577,1.274806485855482,5.597257017402636,131,,,,
6.555154017773322,14803.0,2171.3199999999997,0.04690903164368526,1.1521100137823044,4.396989380882805,128,,,,
6.556220363960235,14805.0,2171.3599999999997,0.01883980193367701,1.919423136442679,3.636985182580794,128,,,,
6.556274555330664,14817.0,2171.2400000000002,-0.03190310815414241,0.016257411128883213,2.845972208058197,127,,,,
6.556506441017675,14822.0,2171.12,-0.09788572682318868,0.16695769464799542,2.4417203240412815,131,,,,
6.556693019120975,14823.0,2171.04,-0.16928091520914948,0.6716811718780934,0.6768350963451634,135,,,,
6.5567595054070456,14824.0,2171.0,-0.23503068787480635,0.2393506298524411,0.46549243948607044,138,,,,
6.556814855988368,14825.0,2170.9199999999996,-0.28745713557704555,0.1992620927628746,0.3340635327833098,138,,,,
6.556883576527473,14828.0,2170.8399999999997,-0.31816247135162185,0.08246464692539986,0.38910395946039084,139,,,,
6.556952297066546,14833.0,2170.7200000000003,-0.3365810552169579,0.04947878813263436,0.43012644757601876,136,,,,
6.556979972357547,14836.0,2170.6,-0.34863722227128174,0.03321034920024462,0.4493524517384856,133,,,,
6.557320002765352,14841.0,2170.48,-0.36769415808403266,0.24482189362024007,0.6667040479651589,130,,,,
6.5578943148099516,14842.0,2170.4,-0.3829544795784478,2.067523360558013,0.6671540213479138,129,,,,
6.558441332341272,14848.0,2170.32,-0.37184555281464265,0.3282105187922359,0.6525979912989044,129,,,,
6.558786183639669,14854.0,2170.2400000000002,-0.3739421644966191,0.2069107790382774,0.6749303283038025,132,,,,
6.559303189017388,14855.0,2170.12,-0.3755627878196225,1.8612193597870696,0.8232536754026029,132,,,,
6.559613389203957,14866.0,2170.0,-0.38407199067718806,0.10152006105879914,0.8532717367912792,131,,,,
6.559635628219525,14873.0,2169.88,-0.3998380182436362,0.011437208006801385,0.9262397094766517,131,,,,
6.559931042635478,14878.0,2169.6400000000003,-0.41203389527209955,0.21269837948592415,0.7205635070780683,131,,,,
6.560539451937903,14880.0,2169.3599999999997,-0.40075285645346453,1.0951367443663054,0.6965766280712111,134,,,,
6.561244621857387,14890.0,2169.04,-0.38219685575095486,0.2538611710142992,0.7515072309386794,135,,,,
6.561966524343872,14893.0,2168.68,-0.35475862255234525,0.8662829837822122,0.6024396226273213,134,,,,
6.562705116012584,14897.0,2168.3599999999997,-0.33146323161638624,0.6647325018403861,0.6434541388758666,134,,,,
6.563353404648384,14909.0,2168.16,-0.30978069508280914,0.19448659074025298,0.7163006691412801,131,,,,
6.56401949754648,14911.0,2168.04,-0.2635537518314175,1.1989672165716971,0.8616158087926593,126,,,,
6.565134088424481,14913.0,2167.9199999999996,-0.2120061865381361,2.0062635804025097,0.9573371368926684,123,,,,
6.567568076858609,14919.0,2167.8,-0.15187483959235787,1.4603930604767956,1.8794291455388652,121,,,,
6.571345237565813,14928.0,2167.68,-0.087171062299451,1.5108642828818963,2.135301948524542,120,,,,
6.5755249428036295,14934.0,2167.56,-0.04343447812568572,2.507823142689564,2.3500522344575736,120,,,,
6.580491359837137,14940.0,2167.3599999999997,-0.02209702433245279,2.9798502201047974,2.6632456544951824,117,,,,
6.586023101693545,14942.0,2167.3200000000006,-0.007500438602877239,9.957135341534789,2.7680793642923582,116,,,,
6.590929407061478,14947.0,2167.44,0.0023779867952544707,3.5325398649114783,2.9770528493675643,115,,,,
6.595484864640805,14953.0,2167.58,0.00572589905173487,2.733274547596517,3.3967439003628863,114,,,,
6.600018004502889,14958.0,2167.7400000000002,0.001981916285151572,3.2638607007006617,3.4442018635653753,112,,,,
6.603413738191411,14964.0,2167.98,-0.011047003270360525,2.037440213113126,3.2898994266907975,116,,,,
6.605623594624409,14966.0,2168.1,-0.03354285655755658,3.977741579396924,3.0614289582089276,119,,,,
6.607468532269932,14967.0,2168.0600000000004,-0.0625779219205316,6.641775523882425,2.163066927523727,120,,,,
6.608926289090305,14969.0,2167.88,-0.09548018935300254,2.623962276671145,1.8403625039973146,121,,,,
6.610301155427544,14978.0,2167.56,-0.1278204228657161,0.5499465348958418,1.5685259361696695,121,,,,
6.611547557907248,14986.0,2167.12,-0.15620679830011155,0.560881115866753,1.3340662356126234,122,,,,
6.6127789572055935,14989.0,2166.7200000000003,-0.1765731414529897,1.4776791580144655,1.1794234249152098,123,,,,
6.613751145787937,14993.0,2166.3599999999997,-0.19591926665929063,0.8749697241093696,0.9242730168446665,123,,,,
6.614658348032042,15004.0,2166.04,-0.21248827066178935,0.2969025526160511,0.47013241121619725,123,,,,
6.615760003884108,15006.0,2165.8,-0.2185393621188584,1.9829805337185535,0.3751222728266499,126,,,,
6.61672469039492,15011.0,2165.68,-0.2094263285241257,0.694574287784932,0.36566779199696053,127,,,,
6.617648230478496,15014.0,2165.56,-0.19847267869770457,1.1082481002906024,0.3488280770241389,126,,,,
6.618567503252995,15021.0,2165.44,-0.19693903977556443,0.47276885545698144,0.2984157549203296,123,,,,
6.618872863246692,15023.0,2165.3599999999997,-0.21855770813147188,0.5496479886550378,0.27320276237204333,123,,,,
6.619213100443214,15029.0,2165.32,-0.24434416763875433,0.20414231791285947,0.2760468521872272,120,,,,
6.619298413268087,15036.0,2165.2400000000002,-0.31143607246284244,0.04387516707737573,0.2331191385162338,121,,,,
6.61942200273272,15044.0,2165.12,-0.3736436856085163,0.055615259084966465,0.264683150792013,125,,,,
6.619490723274574,15047.0,2164.9199999999996,-0.4218585489178401,0.082464650224707,0.27773954335135204,124,,,,
6.619937703270022,15060.0,2164.7200000000003,-0.4728367228187132,0.12377907566231962,0.353242009656335,123,,,,
6.620466701217659,15064.0,2164.3599999999997,-0.5235320154071643,0.4760981528727641,0.3435844962973807,121,,,,
6.6209327356927705,15067.0,2164.04,-0.5601095750103113,0.5592413701342516,0.3569929359721544,121,,,,
6.62152741672164,15071.0,2163.7200000000003,-0.6055905541272717,0.5352129259822468,0.5328787141892812,120,,,,
6.62222930233578,15074.0,2163.32,-0.6312745572525589,0.84226273696822,0.5713462860464945,120,,,,
6.622819330922629,15088.0,2162.92,-0.623534731778094,0.15172163661802707,0.5910083687270598,118,,,,
6.623441838864595,15098.0,2162.6400000000003,-0.6175811753628992,0.22410285910809846,0.8195078684490789,116,,,,
6.624322195734643,15100.0,2162.24,-0.5762305154356564,1.5846423660851914,0.9009266729878795,117,,,,
6.6252155627421425,15108.0,2161.88,-0.5462806872514099,0.40201515337485366,0.8802093116288667,118,,,,
6.625679454755764,15114.0,2161.5800000000004,-0.5307957414187628,0.2783352081726875,0.9592722590837661,115,,,,
6.626279109775787,15115.0,2161.2200000000003,-0.50604367945591,2.1587580720837165,0.9686328542682314,114,,,,
6.626868951172224,15117.0,2160.82,-0.48487754303248165,1.0617145135860395,1.0667030133276802,114,,,,
6.627574703290663,15125.0,2160.42,-0.4742261795566489,0.3175884532977295,1.2266253468297608,116,,,,
6.628374015123971,15128.0,2159.9800000000005,-0.4326670761025218,0.9591741999704394,1.1956186257583814,116,,,,
6.629626906437777,15134.0,2159.56,-0.3987260816177833,0.7517347882833253,1.230962510671917,114,,,,
6.630840160111605,15139.0,2159.12,-0.3787391973454532,0.8735426451560722,1.2854170964249552,114,,,,
6.632190198180299,15142.0,2158.7599999999998,-0.3445968555202003,1.6200456824334728,1.0908244674589989,115,,,,
6.633448539232275,15145.0,2158.5199999999995,-0.31765369999499765,1.5100092623714316,0.9973820738743353,117,,,,
6.634698491212664,15150.0,2158.2799999999997,-0.3029564739296346,0.8999654258793275,0.9946254250369193,117,,,,
6.635801968372157,15154.0,2158.0,-0.297205844836991,0.9931294435444472,0.9822039023709579,114,,,,
6.637024454999296,15161.0,2157.8399999999997,-0.28664836653140713,0.6287074082429688,0.951234533475368,113,,,,
6.638341812184796,15170.0,2157.6,-0.28523946035614484,0.5269428742000765,0.9157142231171143,113,,,,
6.639420815229172,15178.0,2157.2799999999997,-0.2899827264057813,0.4855513699686695,1.044155683588701,113,,,,
6.640123666071099,15180.0,2156.84,-0.3210931543968993,1.265131515469269,0.9642125630769357,113,,,,
6.640644624865719,15183.0,2156.48,-0.35192853401318114,0.6251505535445402,0.9895269307169776,113,,,,
6.641308167213231,15187.0,2156.0,-0.38241992549459036,0.597188112761036,1.1548731344538812,113,,,,
6.642504250436807,15189.0,2155.52,-0.43013240376672107,2.1529498024357028,1.5868787241700135,114,,,,
6.643810879514917,15198.0,2154.8399999999997,-0.4784743273125695,0.5226516312440888,2.294374768186997,117,,,,
6.645370648115662,15204.0,2154.16,-0.5041412728537155,0.9358611604470448,2.565410533804355,118,,,,
6.647214627782098,15207.0,2153.44,-0.5096066298936093,2.212775599723328,2.608034004948164,118,,,,
6.649574739488201,15209.0,2152.6400000000003,-0.5227945641009442,4.248201070985156,2.5434839682312425,118,,,,
6.651411355984596,15210.0,2151.7599999999998,-0.509855393292944,6.6118193870227,2.520984476453944,117,,,,
6.652729308247679,15212.0,2151.12,-0.4800835487734993,2.372314073549625,2.2101540928064534,118,,,,
6.653377992173276,15214.0,2150.6400000000003,-0.4280541887272283,1.167631066075063,2.141491494775964,117,,,,
6.653499222729884,15220.0,2150.2400000000002,-0.3769589971789318,0.07273833396501725,2.0360313561454926,117,,,,
6.65365576494342,15221.0,2150.04,-0.32263711053986005,0.563551968728963,1.7876261381244274,116,,,,
6.6537932060025415,15232.0,2150.0,-0.2604025693699765,0.04498071025784672,1.3109310198215023,115,,,,
6.653826151210413,15243.0,2150.0,-0.18913364571132862,0.010782068030649615,0.5808264793053804,116,,,,
6.65389569343302,15254.0,2150.0,-0.1324410671753274,0.022759272853195428,0.28625305137292634,118,,,,
6.654082904140861,15265.0,2150.0,-0.0870658557955725,0.06126895892986561,0.7203754314081767,117,,,,
6.65429489311325,15274.0,2150.0,-0.04219392371921393,0.08479558895589129,0.8514266646945924,120,,,,
6.654538256758189,15278.0,2150.0,-0.014790471158065449,0.21902728044525424,0.9384911358005279,121,,,,
6.655230106077549,15292.0,2150.0,-0.00925114975549857,0.17790411069242432,1.359792295827479,121,,,,
6.656994917951882,15293.0,2149.96,-0.00925114975549857,6.353322747597657,1.7820331851302273,124,,,,
6.6590376417941775,15298.0,2149.92,-0.005708129775631317,1.4707611664531686,2.1934761865902135,123,,,,
6.661871714917656,15305.0,2149.88,-0.0012275338036196889,1.457523320646153,2.41005566377134,120,,,,
6.665267693537203,15308.0,2149.8,0.005181765709917007,4.075174343455382,2.7200150758281194,119,,,,
6.669502612507705,15312.0,2149.8,0.013433522293824076,3.811427073451549,3.532595367480333,116,,,,
6.673420845476827,15316.0,2149.9200000000005,0.02050679589274597,3.5264096722104092,3.831668787967165,117,,,,
6.677393812749237,15324.0,2150.08,0.02723689148297025,1.787835272584385,4.079398488947949,115,,,,
6.681552327882886,15330.0,2150.3199999999997,0.03147378948471673,2.4951090801892044,4.231968948004592,112,,,,
6.685333921701796,15332.0,2150.6400000000003,0.037783853763252384,6.806868874037008,4.556834989858396,112,,,,
6.689099517111704,15338.0,2150.92,0.045516374439875745,2.259357245945192,4.926148945277196,112,,,,
6.692704453245591,15340.0,2151.0800000000004,0.05172947454468631,6.488885040997062,4.709333377515117,111,,,,
6.696483231517813,15347.0,2151.16,0.057007896491551815,1.9433716828565093,4.918756393481296,113,,,,
6.700651336777165,15352.0,2151.32,0.06251840456618211,3.001035786733651,4.965737196986516,116,,,,
6.704853324728173,15355.0,2151.48,0.06354604820654224,5.042385541209957,4.935232746185662,115,,,,
6.707793871477956,15363.0,2151.68,0.06174740361528132,1.323246037402431,4.545562326119063,115,,,,
6.7099795994831615,15365.0,2151.96,0.06418242363832452,3.9343104093691523,4.492425920444056,115,,,,
6.71222086797102,15370.0,2152.2799999999997,0.07120131082175132,1.613713311257883,6.019554977996061,116,,,,
6.71490274200019,15376.0,2152.52,0.08286074471078286,1.6091244175018369,6.193322009606951,119,,,,
6.717523971214272,15380.0,2152.7200000000003,0.09228103848545614,2.3591062926735646,6.34178707245759,118,,,,
6.720840359745569,15389.0,2153.0,0.10171217363143203,1.3265554125191639,5.85147178193956,116,,,,
6.724732945643012,15390.0,2153.32,0.10520363432934299,14.01330923079541,5.819424095497409,116,,,,
6.728754555236951,15396.0,2153.72,0.09776893123869299,2.4129657563634512,5.726585398539909,117,,,,
6.731644135325864,15399.0,2154.12,0.08355123800926642,3.4674961066947096,5.792411917248326,118,,,,
6.734301300477777,15404.0,2154.5199999999995,0.0646776083164283,1.9131589093780443,5.613361603141478,121,,,,
6.736371968659869,15410.0,2154.8,0.04574547749752311,1.2424009092548305,6.0744438565072425,124,,,,
6.738865278922312,15412.0,2154.8399999999997,0.021574810921374688,4.48795847239642,5.91816473691245,124,,,,
6.740762891686812,15414.0,2154.72,-0.003453091262883262,3.4157029761003654,3.62320108724055,123,,,,
6.743014983664437,15420.0,2154.4,-0.029508342117068383,1.3512551865747728,3.9738783884189153,124,,,,
6.7463763845993405,15421.0,2154.04,-0.054053775060193675,12.10104336565293,3.4609113632590747,123,,,,
6.749685012364155,15427.0,2153.6,-0.07637421880243196,1.9851766588889628,3.6925477392109527,122,,,,
6.753124633316058,15434.0,2153.16,-0.09215866715327108,1.7689479181211756,3.674798116666328,122,,,,
6.7567346873241725,15435.0,2152.7599999999998,-0.08844016486840937,12.996194429211721,3.357896488211245,123,,,,
6.760492557226038,15442.0,2152.3999999999996,-0.07473765692864129,1.9326188066737233,4.6222455457488065,126,,,,
6.764310085643383,15444.0,2152.12,-0.04616738860420273,6.871551151220832,4.954635307127916,126,,,,
6.7681856775997415,15452.0,2151.92,-0.013931057658240398,1.7440163803611837,4.706349969377146,127,,,,
6.771631863442362,15459.0,2152.0800000000004,0.02360101357306581,1.7723241476334917,5.012513212882398,124,,,,
6.77494764790439,15460.0,2152.36,0.05543261658895415,11.93682406329786,5.509608686110698,124,,,,
6.777618056276088,15464.0,2152.84,0.0877060884910642,2.403367534528658,4.903527894784653,124,,,,
6.779271729853176,15466.0,2153.3599999999997,0.12143772353110378,2.9766124387582105,5.569854559221459,124,,,,
6.78102535383087,15470.0,2153.92,0.15638295941253774,1.5782615799249606,5.553335759416627,124,,,,
6.782673219282289,15473.0,2154.32,0.18305912530539398,1.9774385417030391,5.72508102037831,124,,,,
6.784749845275928,15484.0,2154.7200000000003,0.19693820930960926,0.6796230524634922,5.928895970475523,124,,,,
6.786811926826974,15487.0,2155.12,0.19721873079480468,2.474497861256165,4.390715147113024,123,,,,
6.788796635190938,15491.0,2155.52,0.18008514900930742,1.7862375275672244,3.9931136940987466,123,,,,
6.790406557500194,15496.0,2155.8,0.17406966737747384,1.1591440626647784,3.3840148464053486,124,,,,
6.7915661666351514,15499.0,2156.04,0.18700854748276227,1.3915309619480973,3.1058856529612586,125,,,,
6.792188562512524,15512.0,2156.16,0.21947597221135534,0.17235578142614427,3.0002390089156385,123,,,,
6.792513710960809,15523.0,2156.16,0.25577494673939283,0.10641221943865749,3.514863269734012,123,,,,
6.79286641891853,15535.0,2156.32,0.2914338922168811,0.10581238731628793,3.551275868613734,124,,,,
6.7936673623519805,15545.0,2156.72,0.3128331697112818,0.28833963604203455,7.5359660057922895,122,,,,
6.794972787262127,15550.0,2157.2799999999997,0.34036007670341784,0.9399059353052474,11.800888020248177,122,,,,
6.796411167717933,15554.0,2157.92,0.37513505039047684,1.2945424102249872,13.506047179468695,120,,,,
6.798455208276383,15560.0,2158.6400000000003,0.4285155502252526,1.2264243350701771,14.943359192106632,123,,,,
6.79996714287566,15561.0,2159.2799999999997,0.4987669525384166,5.442964557396883,16.254295993564792,125,,,,
6.801502585042454,15562.0,2159.96,0.5693133692956236,5.527591800456458,18.03225242801968,126,,,,
6.802920753229978,15564.0,2160.7200000000003,0.609943059009238,2.552702737543722,20.313769738408247,129,,,,
6.804421067613114,15567.0,2161.56,0.6265892908088244,1.800377259762612,20.309580269274058,130,,,,
6.805777204702888,15570.0,2162.44,0.6440634777695278,1.627364507729601,20.571115128583767,132,,,,
6.806996821867549,15572.0,2163.4,0.6573534980620948,2.1953108963890653,21.12027639173531,135,,,,
6.807804451502919,15573.0,2164.2400000000002,0.668943086456406,2.9074666873317194,17.2822278404535,134,,,,
6.808277201428792,15576.0,2164.96,0.6830070650109514,0.5672999110481216,14.594969668211053,135,,,,
6.808937608059683,15578.0,2165.76,0.6810516756023068,1.1887319356032187,13.994139092131325,135,,,,
6.809844696507272,15580.0,2166.5600000000004,0.6673594209449839,1.6327592056605673,13.809882156841814,136,,,,
6.810956402848753,15585.0,2167.2400000000002,0.6428254126299201,0.8004285658659215,14.897411605413813,136,,,,
6.812230481156401,15587.0,2167.96,0.5991920891407609,2.2933409537677907,13.931185846912078,137,,,,
6.81375512516721,15590.0,2168.6,0.5677216063205697,1.8295728129705568,13.777393297436685,136,,,,
6.815509141542739,15594.0,2169.2799999999997,0.5526388042292558,1.5786147379759288,16.965184771531796,135,,,,
6.81714039770437,15596.0,2169.96,0.5235192536268019,2.9362610909364593,16.983191239938495,135,,,,
6.818574773890846,15601.0,2170.6000000000004,0.49990486994698824,1.032750854262759,16.4915775707329,135,,,,
6.820158731466888,15603.0,2171.32,0.4865246583481751,2.8511236368756756,16.58376847562686,134,,,,
6.822029943391427,15604.0,2172.16,0.45230826412418706,6.736362928338326,15.078030789507329,134,,,,
6.823811596722041,15608.0,2172.84,0.41257854299276736,1.6034879975525866,13.647314441986236,136,,,,
6.8255869471591915,15612.0,2173.52,0.3631338575731356,1.5978153934356378,12.387067989749546,138,,,,
6.82696786517858,15615.0,2174.12,0.30683622387173465,1.6571016232664257,10.000082457102101,138,,,,
6.828374410658397,15620.0,2174.48,0.2614545877485809,1.012712745468624,9.259542699869979,140,,,,
6.8289610114560215,15628.0,2174.6400000000003,0.2186413096574471,0.2639703589308051,7.11374952875713,140,,,,
6.829519589551138,15639.0,2174.6400000000003,0.17266971513207663,0.18280737658347673,3.632724866345886,140,,,,
6.830054142463571,15648.0,2174.4800000000005,0.14393249245232254,0.21382116497326087,2.9538876954910753,141,,,,
6.831445352865987,15657.0,2174.4,0.11320347896962084,0.5564841609660086,4.161043226075432,141,,,,
6.8334101398757925,15668.0,2174.44,0.08589906388121138,0.6430212032091052,3.741789409495243,139,,,,
6.835783268195242,15676.0,2174.56,0.07274786989377338,1.0679077437524338,4.480744244791929,139,,,,
6.838934127447875,15682.0,2174.9199999999996,0.07859320476209028,1.8905155515799243,4.897373294392239,140,,,,
6.8425120303427835,15683.0,2175.3599999999997,0.0935052272682313,12.880450421669172,5.712005226241372,140,,,,
6.8455335957939205,15690.0,2175.88,0.1191677685461334,1.553947946298851,6.208326553676897,140,,,,
6.848175256203214,15692.0,2176.3199999999997,0.13809364251151812,4.754988736727291,6.975152055617822,140,,,,
6.8514859274925515,15698.0,2176.88,0.15096600923847553,1.9864027736024819,7.61764526091005,141,,,,
6.854230092075566,15701.0,2177.3599999999997,0.15780591476857359,3.2929974996176186,7.7171778151038435,140,,,,
6.857197264016521,15706.0,2177.8399999999997,0.1528159048195035,2.13636379748713,9.249017369875261,141,,,,
6.861135811587663,15710.0,2178.2799999999997,0.14648641148091146,3.5446928140277967,7.6190042943387555,141,,,,
6.86466097147497,15714.0,2178.7200000000003,0.13779444882250466,3.172643898575702,7.400809278140282,141,,,,
6.8679720608155534,15724.0,2179.0800000000004,0.13251551428344197,1.1919921626102103,6.627488813007926,143,,,,
6.870759508847779,15725.0,2179.3599999999997,0.12480705060547755,10.034812916009326,6.524584339224345,143,,,,
6.8734997754260885,15730.0,2179.6400000000003,0.12490763368115503,1.972991936383197,6.9821831811036885,142,,,,
6.874814469686073,15739.0,2179.88,0.12811048338677206,0.5258777039937585,8.008648575545934,140,,,,
6.876081686094069,15742.0,2180.0800000000004,0.13877349331323732,1.5206596895954199,7.435501787745676,136,,,,
6.876958323123283,15744.0,2180.28,0.15157667038800074,1.5779466525857693,7.487741140565982,139,,,,
6.878627347874606,15745.0,2180.56,0.16661241583115405,6.008489104762674,7.783670687881657,140,,,,
6.8801292186517395,15746.0,2180.88,0.18102463926799442,5.406734797681124,6.979885071418051,140,,,,
6.882098763348026,15753.0,2181.28,0.19354009384449083,1.0129087009469937,7.470494840300449,139,,,,
6.884247577618454,15756.0,2181.72,0.19950289086908918,2.578577124513431,8.133130111160382,138,,,,
6.886623053707743,15761.0,2182.16,0.2159644696810865,1.7103427842886625,8.720199953620895,137,,,,
6.888260047678231,15763.0,2182.56,0.2335461710344337,2.946589146877913,8.786856195597235,136,,,,
6.889588474661554,15765.0,2182.92,0.2579698398363063,2.3911685699827854,7.852518990590896,140,,,,
6.890624717400469,15767.0,2183.1600000000003,0.2798255392863497,1.8652369300454663,8.1520243445783,144,,,,
6.891831973460238,15769.0,2183.52,0.29351259116213474,2.173060907584509,8.268551476126877,147,,,,
6.892703555801178,15772.0,2183.88,0.3013202575157815,1.0458988091292305,8.273357191869753,147,,,,
6.893632252499294,15776.0,2184.3599999999997,0.3129965772123126,0.835827028303821,8.346809043031824,148,,,,
6.894737940046046,15777.0,2184.84,0.31668903764279543,3.980475168305592,8.041866340667116,147,,,,
6.895943735071646,15782.0,2185.32,0.33129424766565346,0.8681724184324373,8.095935032307729,146,,,,
6.897200590900774,15785.0,2185.8,0.36279810824389597,1.5082269949533083,10.78082353960955,146,,,,
6.898794588861634,15790.0,2186.36,0.3768440886780232,1.1476785318186915,10.639502601523558,145,,,,
6.900217940729028,15794.0,2186.8,0.38956577707444895,1.2810166806547976,10.861452914833134,144,,,,
6.902040087370179,15798.0,2187.44,0.3987854113749344,1.6399319770363834,14.583020702115139,144,,,,
6.904093593518983,15799.0,2188.2799999999997,0.4007311517810854,7.39262213569483,14.25624556538998,144,,,,
6.905968990158517,15804.0,2189.0,0.3982052011843176,1.3502855804640532,14.764212249383542,143,,,,
6.907825402427658,15810.0,2189.7599999999998,0.4093183045382321,1.1138473614848436,16.162950893194264,143,,,,
6.910213695218906,15811.0,2190.6800000000003,0.40749889337851775,8.597854048491183,17.3470818810445,143,,,,
6.912262619519857,15814.0,2191.4800000000005,0.4138882954463436,2.4587091611413436,17.11153505293816,143,,,,
6.91392207100289,15818.0,2192.16,0.4121261747821441,1.4935063347299398,18.58398088496384,144,,,,
6.915959330431396,15820.0,2193.04,0.39996356702051605,3.6670669713105566,15.980471964652418,144,,,,
6.9177028782119,15822.0,2193.7599999999998,0.3884291506097196,3.1383860049062378,15.863991202708632,145,,,,
6.9192263702168715,15828.0,2194.44,0.37623671332330605,0.914095202982783,16.166505016421205,149,,,,
6.92091677310904,15829.0,2195.12,0.3487773542592344,6.085450411808132,12.66026243605189,150,,,,
6.922916792490406,15833.0,2195.7599999999998,0.3227970517323907,1.8000174432291731,13.135979142368248,152,,,,
6.925020184194,15838.0,2196.28,0.3080419954949053,1.5144420265875835,12.633694507025204,153,,,,
6.926987685185913,15841.0,2196.8,0.28103003094464174,2.3610011902958044,12.453556418174573,153,,,,
6.928674275806406,15845.0,2197.2000000000003,0.26413749528856856,1.5179315584443107,11.03872463828946,149,,,,
6.930154810255041,15846.0,2197.52,0.25014521726804645,5.329924015085291,11.386599593354793,148,,,,
6.93215886484384,15852.0,2197.96,0.23525351256926683,1.2024327532796752,10.911629982397361,146,,,,
6.934319607990812,15853.0,2198.36,0.21221689050192913,7.778675329095961,10.545145971968276,146,,,,
6.936573874065899,15859.0,2198.76,0.19420505819676187,1.352559645052415,10.716507746175294,145,,,,
6.939094386229547,15862.0,2199.16,0.17592596528910404,3.024614596378111,10.923690619420158,140,,,,
6.941604920544045,15863.0,2199.56,0.16576449475935712,9.037923532193515,10.82287505696522,139,,,,
6.943181391263895,15866.0,2199.8,0.15772650343162736,1.8917648638192546,9.156782267577366,136,,,,
6.944158600342702,15867.0,2200.0,0.14375694621467033,3.5179526837036748,9.156463581486104,133,,,,
6.945597443650577,15868.0,2200.2,0.13167212138733866,5.1798359083505146,7.390357887128696,131,,,,
6.9469028753478606,15870.0,2200.44,0.11644325482840374,2.349777055110695,8.757935973313987,131,,,,
6.949003214787414,15874.0,2200.6400000000003,0.09391353749710492,1.8903054955977114,8.27807975349308,134,,,,
6.9512029441029695,15877.0,2200.8399999999997,0.07001045520941836,2.6396751786667085,6.523468268339047,135,,,,
6.954234136788386,15883.0,2201.08,0.05356052912812374,1.8187156112500724,6.245105933632666,137,,,,
6.958322698703681,15884.0,2201.2799999999997,0.03614283412787794,14.718822895058755,5.612011331747348,137,,,,
6.963882763877759,15890.0,2201.24,0.017850935178462736,3.3360391044473796,4.722933480816474,138,,,,
6.969007213270805,15898.0,2201.16,-0.0005037048687182688,2.306002226870532,4.707669875749618,136,,,,
6.974537416615712,15906.0,2201.0,-0.016016331230440516,2.488591505208224,4.5629793217911345,136,,,,
6.979422611529735,15912.0,2200.68,-0.028423842060776184,2.93111694841358,4.6418510855647215,135,,,,
6.984221730101679,15916.0,2200.2799999999997,-0.03971485345496523,4.319206714749832,4.566077241382479,132,,,,
6.987728732169889,15918.0,2199.92,-0.047275335747872495,6.3126037227778005,2.9433399250660996,131,,,,
6.992051543895283,15923.0,2199.56,-0.046239717910618636,3.1124244422834173,4.030773979630123,128,,,,
6.997474181303343,15926.0,2199.32,-0.044280175448393536,6.507164889672463,3.9924589060333866,127,,,,
7.002724980909227,15933.0,2199.16,-0.04149441294541307,2.700411225883343,3.893852998523377,127,,,,
7.007505976515458,15941.0,2199.08,-0.035503522020312435,2.1514480228038377,4.237735756690285,124,,,,
7.012241722238826,15942.0,2199.08,-0.027254542089105698,17.04868460412227,4.14270385379932,124,,,,
7.015984503741167,15948.0,2199.0799999999995,-0.01993498113228257,2.245668901404984,3.9675629238613865,123,,,,
7.018529958938632,15955.0,2199.04,-0.010578703752636445,1.309091244410105,4.082008936756855,121,,,,
7.021773560566579,15957.0,2199.0,-0.0015473860202322456,5.838482930306018,3.9138550089791635,118,,,,
7.025204360488843,15963.0,2199.0,0.006997535637943408,2.0584799533582476,4.172886835949044,116,,,,
7.029829118867522,15969.0,2199.0,0.015851665265600834,2.774855027207846,4.430942930666387,115,,,,
7.035016543508129,15976.0,2199.0800000000004,0.027189288195621285,2.6678183865975824,3.7212470415021373,115,,,,
7.04072432567738,15984.0,2199.2400000000002,0.03922346787176876,2.5685019761631303,4.036478892315805,114,,,,
7.045804204236161,15990.0,2199.44,0.05422935755499527,3.0479271352685853,4.335764483450527,112,,,,
7.0506823487130195,15997.0,2199.7200000000003,0.0730490260048586,2.508760016670128,5.7488726608224106,111,,,,
7.054083857829148,16000.0,2200.16,0.0910980679193899,4.081810939354274,5.927935026413013,111,,,,
7.056775167000174,16004.0,2200.6,0.11181577105011524,2.422178253923772,6.439066149601918,111,,,,
7.0592802402377375,16009.0,2201.08,0.1322854788977384,1.803652731045719,7.568114990384835,113,,,,
7.061973688936751,16010.0,2201.6400000000003,0.14904391474160658,9.696415316448922,8.011343243239443,113,,,,
7.064013200994072,16015.0,2202.16,0.16355388808727506,1.4684486812708473,8.512236218607589,114,,,,
7.066391644261135,16018.0,2202.7200000000003,0.17899930970072445,2.8541319204761537,8.659938361641267,116,,,,
7.069119806957041,16020.0,2203.32,0.1852428111025415,4.910692852629906,9.019253784969537,117,,,,
7.072018304814512,16024.0,2203.88,0.1892414565498708,2.6086480717233975,8.877385699281472,120,,,,
7.074614597744134,16027.0,2204.4,0.19249688340384313,3.115551515545621,8.96747051319065,122,,,,
7.077712372092876,16033.0,2205.0,0.19197705711951246,1.8586646092449084,8.12178492227765,125,,,,
7.080891525503463,16036.0,2205.48,0.18268443454650912,3.8149840927055023,8.220334456782458,126,,,,
7.083853289483621,16044.0,2205.92,0.16660359351255769,1.3327937910708216,7.836199729600354,128,,,,
7.086059634522889,16048.0,2206.4,0.1525827064458759,1.9857105353412219,6.708147726670463,129,,,,
7.088746765492388,16050.0,2206.88,0.13561664604054555,4.836835745098637,6.163805779735119,128,,,,
7.091315209155792,16054.0,2207.12,0.11619873111450325,2.3115992970634354,5.367164086295856,129,,,,
7.0938353415890685,16058.0,2207.2400000000002,0.09836167115186825,2.26811918994863,4.905095670427575,129,,,,
7.096816919798268,16064.0,2207.44,0.08872057284552293,1.788946925519785,3.843291910807081,128,,,,
7.09964422037414,16071.0,2207.52,0.07268774772205697,1.4540402961625267,3.489752294852642,126,,,,
7.10202306125405,16079.0,2207.52,0.051497086747406676,1.0704783959592714,2.983445237343151,125,,,,
7.10359194269383,16085.0,2207.6,0.014032812991488475,0.941328863868067,2.0429207210807316,123,,,,
7.104812769837481,16091.0,2207.7200000000003,-0.029496192693671024,0.7324962861900287,1.563481960518884,122,,,,
7.1053885275045845,16100.0,2207.7200000000003,-0.0889792790854091,0.23030306684134327,1.1360317381654328,121,,,,
7.1056987334255375,16113.0,2207.6800000000003,-0.18249773235758476,0.08590317811008549,0.828038496766921,125,,,,
7.106238787616645,16114.0,2207.5199999999995,-0.3279076962407802,1.9441950879867183,0.6031888303197773,125,,,,
7.106428509743862,16119.0,2207.32,-0.7648112757311061,0.13659993159618708,0.4500064716219997,126,,,,
7.106776215696882,16130.0,2207.08,-0.8913396857830016,0.11379467553362997,0.3504062973160567,125,,,,
7.107178715396076,16138.0,2206.8,-0.9862625653484486,0.1811248646372897,0.29508129790262994,122,,,,
7.107608665500462,16148.0,2206.4,-1.0424424193311448,0.1547820375790173,0.287115911242417,119,,,,
7.10777471855164,16175.0,2205.2400000000002,-1.1263030293915368,0.022140406823688636,0.3030932605650885,111,,,,
7.107967813650955,16190.0,2204.96,-1.1849917537923438,0.046342823835797936,0.11173614215588197,115,,,,
7.108100787855563,16213.0,2204.76,-1.280653866817937,0.020813353764850176,0.12254349010512562,117,,,,
7.10821148988895,16227.0,2204.6400000000003,-1.3604084558944811,0.028466237156552183,0.147327821797354,117,,,,
7.108353781482943,16230.0,2204.4800000000005,-1.4325938946602568,0.17074991279281862,0.1288034046556252,117,,,,
7.108534718391095,16236.0,2204.3599999999997,-1.4230458809673434,0.10856214489081596,0.11650335268953527,114,,,,
7.108727813478567,16239.0,2204.1600000000003,-1.127893520386355,0.23171410496686837,0.15000851177323984,111,,,,
7.108912212704578,16241.0,2203.96,-1.0587078913293424,0.33191860681836843,0.20431517721189119,110,,,,
7.109002681157941,16259.0,2203.72,-1.0216554985619444,0.01809369067267947,0.27248189322466604,111,,,,
7.109131933255577,16269.0,2203.5199999999995,-0.992774560317746,0.04653075514918302,0.2910535710103232,112,,,,
7.1093080528634935,16271.0,2203.3199999999997,-0.9050536154705497,0.31701529424903147,0.27268346772237767,109,,,,
7.109453688773033,16272.0,2203.24,-0.7995216380886284,0.5242892743409802,0.27741501371945454,104,,,,
7.109626116675084,16273.0,2203.16,-0.6690869387194033,0.6207404473866313,0.2974507305806755,97,,,,
7.1097249547106145,16275.0,2203.12,-0.49095003709873336,0.1779084639542971,0.2618093265493962,95,,,,
7.109764704094676,16290.0,2203.12,-0.3336069141414867,0.009539852174680324,0.2686416634335386,92,,,,
7.110050752322511,16293.0,2203.16,-0.2208499606845523,0.34325787340167196,0.2692670090814249,96,,,,
7.110330041833006,16294.0,2203.16,-0.09658387438822383,1.005442237779212,0.2412487799642172,107,,,,
7.11037747236482,16299.0,2203.24,-0.06071552827356441,0.03414998290642801,0.20579734166630975,104,,,,
7.110478781459467,16302.0,2203.24,-0.0384195973523138,0.12157091357659532,0.14574463061696924,101,,,,
7.110627038524628,16309.0,2203.2,-0.031366599707555246,0.07624649065389422,0.12611219644308377,101,,,,
7.110911621712119,16318.0,2203.16,-0.04310139927525708,0.11383327499627384,0.1306833836612223,104,,,,
7.111291244768926,16321.0,2203.12,-0.07767822414816171,0.4555476681685302,0.11955778976217923,107,,,,
7.1115725565315095,16326.0,2203.04,-0.08067792770733896,0.2025444690606973,0.08926384017919775,109,,,,
7.111787857245955,16340.0,2202.96,-0.12674691821109402,0.05536304085725875,0.12724257816016557,107,,,,
7.112052361894321,16347.0,2202.88,-0.11570167845553056,0.13603096201697995,0.3457020608183375,104,,,,
7.112417487199921,16358.0,2202.8,-0.08595320743516412,0.11949555456005094,0.9184869896399632,102,,,,
7.113224970765409,16369.0,2202.7599999999998,-0.06049144686855853,0.26426734870530655,1.031356351946393,101,,,,
7.114328886157443,16376.0,2202.7200000000003,-0.04268472069869629,0.5677279159032639,1.1811553987287309,103,,,,
7.117296111362579,16380.0,2202.9199999999996,-0.020059716218844593,2.67050268462263,1.8177104199346155,106,,,,
7.120853482826222,16382.0,2203.12,-0.01860460993118416,6.403268634557717,2.062645000832135,106,,,,
7.124246272690559,16390.0,2203.2799999999997,-0.028868612563450646,1.5267554389516813,2.0780032919213074,107,,,,
7.12708340568906,16394.0,2203.3,-0.046877603024715046,2.5534196986509317,2.1363738736804883,110,,,,
7.1296799045316845,16395.0,2203.1799999999994,-0.06870386466030629,9.347395833447157,2.3105968355941697,111,,,,
7.131096015101725,16396.0,2202.7,-0.08943389562034909,5.097998052145214,2.3291777774338236,111,,,,
7.132110963214405,16403.0,2202.1400000000003,-0.12112407136000355,0.5219733150930226,2.212651929054946,110,,,,
7.1344972988552815,16408.0,2201.5,-0.1505340759650862,1.7181616614309199,1.7682451664758247,109,,,,
7.137179335920355,16410.0,2200.92,-0.17961883069276396,4.8276667171326775,1.692179383337756,109,,,,
7.139873285460313,16417.0,2200.4,-0.19517704600159888,1.3854597634067418,1.918032051158504,109,,,,
7.142752042776895,16421.0,2199.96,-0.19714099892537823,2.5908815849233053,1.3077952200526268,109,,,,
7.1456291024776775,16424.0,2199.5600000000004,-0.17579953599285833,3.4524716409393856,1.0809374412767743,109,,,,
7.147608909166105,16430.0,2199.12,-0.14211520889318946,1.1878840130564836,1.0813693630433587,110,,,,
7.149436562756666,16431.0,2198.8399999999997,-0.0961886098561566,6.579552926020203,1.030745829657776,110,,,,
7.150992637123305,16439.0,2198.72,-0.07865332346302929,0.700233464987462,0.8549359485468976,110,,,,
7.152091529347434,16451.0,2198.7599999999998,-0.05927104808246092,0.32966766723867696,0.8281038191461538,110,,,,
7.152956015203614,16461.0,2198.9199999999996,-0.0457835781994495,0.3112149082247951,0.7512727302281935,111,,,,
7.153606782606634,16472.0,2199.16,-0.05382262967878708,0.21297842280655147,0.6601568313708297,111,,,,
7.154387391200588,16484.0,2199.08,-0.058449173085507844,0.23418257818629765,0.683634385394555,109,,,,
7.155555555601182,16492.0,2199.04,-0.06112337900512631,0.5256739802670363,0.31253223233389715,107,,,,
7.15644419622085,16497.0,2198.96,-0.07725222538657352,0.6398212461608531,0.46693783515524057,106,,,,
7.157572518936103,16501.0,2198.6000000000004,-0.10969613028977646,1.0154904437281156,0.5874661038062622,103,,,,
7.15858182433306,16503.0,2198.2,-0.1447749698106136,1.8167497145230647,0.6526324298993857,103,,,,
7.159744093518284,16509.0,2197.88,-0.18947908028226648,0.6973615111341491,0.7705448974633162,103,,,,
7.162169777031499,16511.0,2197.4,-0.20127318469541242,4.366230323788599,1.3313356280182191,104,,,,
7.1653802028413915,16515.0,2196.76,-0.21792724513582012,2.8893832289034997,1.3572338345956432,105,,,,
7.168499249182922,16522.0,2196.24,-0.23223703396035528,1.6040809756442587,1.4923697259415458,104,,,,
7.17207547797134,16527.0,2195.68,-0.22474715232501724,2.574884727661069,1.555332288095848,104,,,,
7.1751645210659865,16528.0,2195.24,-0.2204005987162771,11.120555140725667,1.530571706743534,104,,,,
7.176965068422344,16534.0,2194.7599999999998,-0.23083098241938993,1.080328413814829,1.8008038257799097,104,,,,
7.178672769145294,16536.0,2194.2799999999997,-0.23487268357091468,3.073861301310002,1.6670801366457142,104,,,,
7.180328090412533,16539.0,2193.88,-0.2308922654184129,1.9863855206867898,1.612091245520648,105,,,,
7.181636841256654,16545.0,2193.48,-0.23586236930004567,0.7852505064724944,1.8035604507087704,105,,,,
7.183119140284649,16546.0,2193.0,-0.23728150795095115,5.336276500782866,1.7390626517181047,106,,,,
7.184529412749398,16551.0,2192.56,-0.23869769395783985,1.015396174618898,1.3334954337275988,102,,,,
7.185787472276328,16554.0,2192.12,-0.23921592715766288,1.5096714323157783,1.3236904342689422,98,,,,
7.187201223181072,16555.0,2191.6,-0.23390252457664298,5.089503257079867,1.7027560985146402,98,,,,
7.189368413022331,16561.0,2191.08,-0.22609525893170807,1.300313904755769,1.6603660965323133,97,,,,
7.191374349437974,16563.0,2190.6400000000003,-0.21259151272504623,3.610685548158261,1.6669802031747143,98,,,,
7.193945070394344,16571.0,2190.1600000000003,-0.19091218995010267,1.1568244303663173,1.5911712342950959,100,,,,
7.1970062432978965,16572.0,2189.7599999999998,-0.16819069112122473,11.020222452788992,1.6483432999221719,101,,,,
7.200306194078188,16579.0,2189.44,-0.145346985549536,1.6971175441497461,2.3961521588383596,102,,,,
7.203099241167696,16587.0,2189.2,-0.12268816025748733,1.2568711902791392,2.2595459494958368,106,,,,
7.2059187938432485,16589.0,2189.0,-0.10401764162005478,5.0751948159932265,2.3090845927842873,109,,,,
7.209291308021665,16594.0,2188.84,-0.0931344721824225,2.4282102084601487,2.3145682280584468,109,,,,
7.2129208492450525,16595.0,2188.7200000000003,-0.08542914888046171,13.06634840419442,2.842219802932151,108,,,,
7.217641193511927,16601.0,2188.4800000000005,-0.08537564825448726,2.8322065601244373,2.7005823205901054,107,,,,
7.222275721059305,16608.0,2188.1600000000003,-0.088112895570748,2.383471310080139,2.7717188822326526,107,,,,
7.2275527605645005,16613.0,2187.7200000000003,-0.09659694685650697,3.7994684437406177,2.83814378365076,106,,,,
7.23304409778791,16615.0,2187.08,-0.10631800209885715,9.884407002136046,3.5563109816138607,105,,,,
7.239077604240646,16618.0,2186.2799999999997,-0.11577506012012424,7.240207743282887,3.614482492304064,105,,,,
7.243796404145433,16623.0,2185.56,-0.12385664237190064,3.397535931446908,2.8985218463182933,104,,,,
7.2488477501697295,16629.0,2184.7599999999998,-0.133156747644198,3.030807614577881,2.825215768427955,103,,,,
7.253867387536225,16630.0,2184.0,-0.14023909756178043,18.070694519384556,3.421526317242683,102,,,,
7.258979663529761,16634.0,2183.3599999999997,-0.14535932151709793,4.601048394182654,3.3217503039852816,102,,,,
7.262470633902012,16638.0,2182.88,-0.14968131098858067,3.1418733350259,2.8624402686090016,102,,,,
7.266515789795532,16646.0,2182.2799999999997,-0.15269596611047742,1.8203201520839412,3.071437757785959,101,,,,
7.270380845732393,16647.0,2181.7200000000003,-0.14754423687429413,13.91420137269958,3.1307075422789157,101,,,,
7.273663649258267,16653.0,2181.16,-0.13482327406835376,1.9696821155241624,3.2075712924874713,100,,,,
7.276090675163278,16656.0,2180.4800000000005,-0.12257117527799115,2.912431086013292,2.4003318904590896,99,,,,
7.27906507887597,16657.0,2179.7200000000003,-0.10955369758139166,10.70785336568875,2.3604758376885497,98,,,,
7.282576687468838,16660.0,2179.3199999999997,-0.0967098271744998,4.213930311442044,2.4883669969446123,97,,,,
7.286844703486123,16664.0,2179.16,-0.08424822802160617,3.8412144155568466,2.6031156421043216,97,,,,
7.292351525320452,16672.0,2179.0,-0.07497558891420922,2.4780698254479816,2.0829152124711863,99,,,,
7.298739000596243,16682.0,2178.96,-0.0666341902040788,2.2994910992847544,2.2990569085991885,98,,,,
7.305118599572668,16688.0,2179.04,-0.05405955110900469,3.8277593858551193,2.259411932255961,99,,,,
7.310381946149735,16695.0,2178.92,-0.047857764345737644,2.706863953920109,1.7030700894489446,99,,,,
7.315494045995138,16701.0,2178.68,-0.05652509272507915,3.067259907241663,2.022480107503224,95,,,,
7.320061584743341,16704.0,2178.4,-0.07708813759688057,5.4810464978439635,1.8829619107928974,92,,,,
7.323339659106188,16711.0,2178.2,-0.09882745552846114,1.6858668151786382,1.8167003565565913,94,,,,
7.3262515959649495,16718.0,2177.76,-0.12489610124669934,1.4975675273631803,1.7397855665813045,94,,,,
7.329019114307828,16719.0,2177.2400000000002,-0.1447252135832226,9.963066034362164,1.6563182453884255,94,,,,
7.330617786748035,16723.0,2176.6400000000003,-0.15667231309133156,1.4388051961867179,1.6549788820378601,93,,,,
7.331605861346947,16725.0,2176.08,-0.16827424752399395,1.778534278042876,1.9044438800512253,93,,,,
7.332812608679076,16728.0,2175.5199999999995,-0.17424430445947275,1.448096798553633,2.1855565688240186,96,,,,
7.333933148068208,16729.0,2175.12,-0.18438903446123245,4.033941800878374,2.199541806793474,99,,,,
7.335164577978171,16730.0,2174.7599999999998,-0.18863110624823237,4.433147675865988,2.237214770257199,102,,,,
7.337640730698805,16731.0,2174.2799999999997,-0.19059286761972105,8.914149794283013,1.8501991345894175,102,,,,
7.340855656083349,16732.0,2173.88,-0.18086140392066535,11.573731384359737,1.9162195623542988,103,,,,
7.345395294825106,16739.0,2173.3199999999997,-0.17498358394396096,2.3346713529036527,2.0304723074241746,103,,,,
7.35109597553621,16747.0,2172.64,-0.16377385747971623,2.56530631999679,2.718427382389856,104,,,,
7.357642297959594,16754.0,2171.8,-0.16036021432814446,3.3666801034549336,2.6342590837915107,102,,,,
7.362962760213116,16760.0,2171.1600000000003,-0.15987695178498434,3.192277352112997,3.0798863509327763,100,,,,
7.368351970903078,16764.0,2170.28,-0.1587473938187311,4.850289620965751,2.8001587961007988,99,,,,
7.372450523637367,16765.0,2169.5600000000004,-0.15653450370116104,14.754789843442115,2.326428668917065,99,,,,
7.375915933744324,16771.0,2168.88,-0.15646667878206283,2.079246064174105,2.6891288509438374,98,,,,
7.379366403458715,16772.0,2168.2400000000002,-0.15571534095418185,12.421690971809559,2.7091433820773636,98,,,,
7.382982549890732,16775.0,2167.56,-0.1494797765215466,4.339375718420581,2.6555877789050077,97,,,,
7.3866541919759,16780.0,2167.1200000000003,-0.1510134535881178,2.643582301320645,2.7099739974111072,95,,,,
7.391583695287101,16782.0,2166.48,-0.1490590976685156,8.87310596016087,3.30003627069861,93,,,,
7.396787623339661,16788.0,2165.8,-0.14987964130681813,3.1223568315363317,2.606723818337863,94,,,,
7.401120377933175,16796.0,2165.2400000000002,-0.15002372266475822,1.9497395670812674,3.0087636474458255,96,,,,
7.4062963253111205,16800.0,2164.6,-0.15264516539878265,4.658352640150685,2.507181064923407,97,,,,
7.410535263073567,16801.0,2163.9199999999996,-0.15441349606465,15.260175944806788,2.464474828877403,97,,,,
7.413903943861065,16810.0,2163.2799999999997,-0.1611041198927627,1.3474723149994727,2.6703429192960133,97,,,,
7.416576268543467,16811.0,2162.7200000000003,-0.16502707911989942,9.620368856644202,2.323324100283596,98,,,,
7.4193346359967425,16814.0,2162.12,-0.16625259383785204,3.310040943930712,2.3282735891909323,98,,,,
7.42194260112414,16817.0,2161.48,-0.17020632061001953,3.1295581528773595,2.390900695647804,95,,,,
7.425344593892493,16819.0,2160.88,-0.16742787658774289,6.123586983035918,2.983935302928918,94,,,,
7.42925255155109,16824.0,2160.2,-0.16372267790515257,2.8137295141894447,2.2980232290683498,93,,,,
7.4328705150605225,16828.0,2159.56,-0.1530688358475247,3.25616715848909,3.063530943863904,92,,,,
7.437884248058271,16833.0,2158.88,-0.14517705124510638,3.609887758379245,2.7025571535877773,92,,,,
7.441916438918352,16834.0,2158.3599999999997,-0.13456438940808504,14.515887096291518,2.67218851782377,92,,,,
7.446146972739772,16841.0,2157.8,-0.12447932092071123,2.175703108158807,2.65964594625572,92,,,,
7.450206796143156,16842.0,2157.56,-0.117292511043226,14.61536425218351,2.538131722303213,91,,,,
7.454937211512154,16848.0,2157.2799999999997,-0.11230743944623664,2.838249221398416,2.6095672648465493,92,,,,
7.458626556116132,16854.0,2157.04,-0.10768064762363809,2.2136067623864872,2.662980240437945,90,,,,
7.462674088795434,16860.0,2156.7599999999998,-0.10327709372874998,2.428519607581495,2.654050856230193,90,,,,
7.466107345421209,16863.0,2156.4,-0.10208275870993247,4.119907950930175,2.0348027663195585,89,,,,
7.469398177872548,16866.0,2155.88,-0.1003032945308852,3.9489989416062854,2.316085973454736,90,,,,
7.472766007540771,16869.0,2155.4,-0.10626306212433337,4.041395601867381,2.2806328105320186,90,,,,
7.476118235208637,16873.0,2154.92,-0.11195602538524005,3.0170049010794164,2.2664228498612737,91,,,,
7.47919275848846,16876.0,2154.4800000000005,-0.12120970586433097,3.6894279357874358,2.3133535176241447,92,,,,
7.483000865716538,16878.0,2154.04,-0.1297121267647102,6.854593010540399,2.5987163172514043,95,,,,
7.487122271511844,16879.0,2153.6,-0.13625265495330877,14.837060863102487,2.54376469601303,95,,,,
7.4909656493808665,16884.0,2153.12,-0.14000157625920234,2.76723206569598,2.733185368467585,96,,,,
7.495171594671318,16888.0,2152.52,-0.14571281920782458,3.785350761406666,2.7189509613433644,95,,,,
7.499435376092602,16890.0,2151.8799999999997,-0.14836023966308648,7.674806558310108,2.6933506733361043,95,,,,
7.503245995580389,16894.0,2151.2,-0.15344291648167593,3.429557539008812,2.648863180749547,94,,,,
7.507290209127391,16896.0,2150.44,-0.15645986747421478,7.279584384603174,2.690685954666843,94,,,,
7.512060288357943,16900.0,2149.6400000000003,-0.15820333706471965,4.293071307496295,2.3266927673460884,94,,,,
7.516558661398392,16906.0,2148.96,-0.15606588497930476,2.699023824269573,2.4049764895772183,94,,,,
7.521172902656438,16912.0,2148.2400000000002,-0.15111119821149885,2.768544754827598,2.380780240979872,93,,,,
7.52555717251948,16914.0,2147.6,-0.1420578166625856,7.891685753476264,2.5330848700861757,93,,,,
7.529871198787093,16916.0,2147.0,-0.12931851234914538,7.765247281704501,2.805345637829748,92,,,,
7.533544874527532,16919.0,2146.52,-0.11410867159724095,4.408410888526025,2.5589760667861112,92,,,,
7.537221246888657,16924.0,2146.04,-0.10185058959103202,2.6469881000094566,2.5656385593481112,93,,,,
7.542141719951548,16926.0,2145.7200000000003,-0.09335982543701016,8.856851513204585,2.6205062902822696,93,,,,
7.54739297005015,16929.0,2145.56,-0.08618474533594651,6.30150011832254,2.648425104060842,93,,,,
7.55287373951183,16937.0,2145.44,-0.08806056879459759,2.466346257756037,2.44175723179353,93,,,,
7.558595766133049,16943.0,2145.16,-0.0883792564669513,3.4332159727312312,2.2269652140656744,92,,,,
7.5638094998126295,16949.0,2144.8399999999997,-0.08558832693178015,3.1282402077481453,2.168048502030849,92,,,,
7.567431323894335,16954.0,2144.4,-0.08402519702257992,2.607713338828537,2.5797045696399685,92,,,,
7.57085981998949,16957.0,2143.6400000000003,-0.08725810031521963,4.1141953141853795,2.155227009054456,93,,,,
7.573242796007952,16959.0,2143.0,-0.09353511561178625,4.2893568332307455,1.8519834300480553,93,,,,
7.576328680950871,16963.0,2142.64,-0.10137293539187411,2.777296448627389,2.1229037475927557,94,,,,
7.5814533114727505,16965.0,2142.2400000000002,-0.10988284799450951,9.22433493938365,2.0923835801117687,94,,,,
7.587213779901264,16972.0,2141.8,-0.11841115463706753,2.962526620378145,2.5831274198879735,93,,,,
7.593404182501785,16981.0,2141.3599999999997,-0.1263646529209336,2.476161040208284,2.6689294462241144,95,,,,
7.599390238560198,16984.0,2140.88,-0.12428698205799275,7.183267270095851,2.6028012825146343,96,,,,
7.6043017934516,16989.0,2140.16,-0.13030511884353785,3.536319521809336,2.484019746723381,97,,,,
7.607786324488755,16990.0,2139.3599999999997,-0.14466700907020594,12.544311733757485,3.2445985175957803,97,,,,
7.612625141316378,16993.0,2138.48,-0.15435830140396864,5.806580193147029,2.9401613199487637,96,,,,
7.616632207884187,16997.0,2137.8,-0.16493924755796982,3.6063599110286604,2.9285868657807486,96,,,,
7.621352645301362,17005.0,2136.96,-0.17779641329515525,2.124196837728326,3.264009941812291,95,,,,
7.626304405097064,17006.0,2136.12,-0.19129205136125282,17.82633526452849,2.9567780774428902,95,,,,
7.630612485571571,17009.0,2135.4800000000005,-0.20033459766796002,5.169696569408652,3.1150544415479193,95,,,,
7.633208777204554,17013.0,2134.8,-0.211239907078349,2.3366624696845326,2.5741914981580374,94,,,,
7.635556373407493,17014.0,2134.12,-0.2155061630941673,8.451346330579794,2.518529756149708,94,,,,
7.637397431476355,17018.0,2133.44,-0.22432603388110492,1.6569522619758417,2.564095068068531,94,,,,
7.639003544562715,17019.0,2132.8,-0.2247138556074307,5.782007110895318,2.595208675844872,94,,,,
7.64081813559911,17022.0,2132.12,-0.2175753891162219,2.1775092436743115,1.881341198405983,94,,,,
7.642722944961437,17024.0,2131.56,-0.21307953675192787,3.428656852189077,1.777511939764762,94,,,,
7.644986441049851,17026.0,2130.92,-0.20463127591545635,4.074292959145812,1.7924988296123974,97,,,,
7.648010096505492,17030.0,2130.32,-0.19374267044351515,2.7212899100764525,1.493317014955132,98,,,,
7.651570928407853,17033.0,2129.84,-0.1832229535375831,4.272998282833323,1.6158182698366392,98,,,,
7.655874934149192,17038.0,2129.36,-0.1777374106689396,3.0988841337636663,1.5119647934758018,98,,,,
7.660322725355554,17043.0,2128.92,-0.17394144693462193,3.2024096685810206,1.5451713706767332,98,,,,
7.665090310852948,17048.0,2128.48,-0.17598229595318976,3.43266155812378,1.556470445189135,98,,,,
7.669477389244711,17051.0,2127.96,-0.17885706160351542,5.264494070114872,1.5202000809364602,99,,,,
7.673419496273961,17054.0,2127.2400000000002,-0.18624387212506294,4.7305284351000045,2.0403183884799465,98,,,,
7.67706806339204,17058.0,2126.3599999999997,-0.19528284108985,3.283710406271969,2.072498545745718,95,,,,
7.680315628329425,17061.0,2125.4800000000005,-0.20353992599207693,3.8970779248620664,2.073606431887157,94,,,,
7.683611987364178,17065.0,2124.56,-0.21914632694096187,2.9667231312776567,2.555669875223468,95,,,,
7.68688120623951,17066.0,2123.6400000000003,-0.23649342717926575,11.769187951196784,2.6876829115209504,95,,,,
7.689637957808078,17069.0,2122.88,-0.24945131477646187,3.308101882280092,2.65069142235541,95,,,,
7.692226346104935,17074.0,2122.2,-0.2585152803325087,1.8636395737370333,2.624911201447776,95,,,,
7.695067432790821,17075.0,2121.36,-0.26449638791943186,10.227912069189992,2.842456036859428,95,,,,
7.698300403399824,17078.0,2120.48,-0.2640421911182763,3.8795647308040557,3.294741796405116,95,,,,
7.701141968452374,17082.0,2119.68,-0.2600409246091859,2.557408547294636,3.282974735073413,94,,,,
7.704044462850342,17086.0,2118.84,-0.2539360878225764,2.612244958171158,3.2612459773650526,94,,,,
7.707344491330007,17088.0,2117.92,-0.24652893145255428,5.94005126339762,3.2346857249396246,94,,,,
7.710606657509196,17089.0,2117.16,-0.23208896015130853,11.743798245080123,3.247336863084462,94,,,,
7.713891527679559,17093.0,2116.44,-0.20695346264089318,2.9563831533264735,2.7232586979767435,93,,,,
7.717330640464059,17094.0,2115.76,-0.17920406193321367,12.380806024201226,2.985948563696293,93,,,,
7.721255006277837,17097.0,2115.2400000000002,-0.1567349314270912,4.709238976533757,3.010895300774367,90,,,,
7.724221036632442,17100.0,2115.0,-0.13864095147553765,3.559236425525743,2.937179233918174,86,,,,
7.727099341596589,17105.0,2114.9200000000005,-0.12524148942520844,2.0723795741861544,2.671235542453739,83,,,,
7.72978540469778,17106.0,2114.88,-0.12367384147359554,9.6698271642854,2.2856833557846463,83,,,,
7.732477792059748,17108.0,2114.7599999999998,-0.12079959230562647,4.846297251542042,2.2900960958091625,83,,,,
7.734955828180634,17112.0,2114.4800000000005,-0.11517766790693051,2.23023250879724,1.7951275372470588,85,,,,
7.738009241977028,17117.0,2114.04,-0.11547827148302334,2.1984579334036654,1.7867792122425363,84,,,,
7.741326151872887,17119.0,2113.44,-0.1211712447812939,5.970437812545485,1.7876997816426878,85,,,,
7.744260896287952,17122.0,2112.92,-0.12646880218603643,3.521693298078522,1.8702320060959512,85,,,,
7.746826867494114,17125.0,2112.48,-0.1354191545839798,3.079165447394423,1.7079934825702394,86,,,,
7.749282691817875,17127.0,2112.0,-0.13770805508094683,4.42048378276878,1.6476386924854094,86,,,,
7.751264760934267,17129.0,2111.6,-0.1366109561528349,3.5677244095044873,1.6285835328131726,86,,,,
7.753625437228807,17131.0,2111.3599999999997,-0.1312008381788776,4.249217330172636,2.319455477433779,86,,,,
7.7573273013223405,17133.0,2111.04,-0.12201407902287413,6.663355368359009,2.2489462774983204,85,,,,
7.760888515064381,17137.0,2110.8399999999997,-0.11203168901011229,3.205092367836134,2.2267878935667036,85,,,,
7.76467989698322,17145.0,2110.56,-0.1084774587534109,1.7061218634776434,2.180275049232229,85,,,,
7.7683643356522,17146.0,2110.2,-0.10341642984004798,13.26397920832698,2.105900716627633,85,,,,
7.772538181818752,17150.0,2109.72,-0.1001500054544295,3.756461549896251,2.32915598051211,85,,,,
7.776310892518916,17155.0,2109.36,-0.10852735480431693,2.7163517041184866,2.2628700962630703,84,,,,
7.780177509051196,17163.0,2108.92,-0.11701112431673193,1.7399774395261132,2.20109020060116,85,,,,
7.784272721118554,17169.0,2108.52,-0.136348887447757,2.457127240414723,2.1762483832648685,86,,,,
7.788189160970943,17171.0,2108.2,-0.1503081240153012,7.049591734300592,2.3685411953241315,89,,,,
7.791043790032698,17175.0,2107.7200000000003,-0.16912348322343881,2.5691661555794694,1.7219605144343852,91,,,,
7.792749952218444,17176.0,2107.2,-0.18767398679643482,6.142183868687042,2.096266951589284,91,,,,
7.794689426343152,17179.0,2106.52,-0.2130088772226328,2.327368949649503,2.365935827810274,86,,,,
7.796081127402566,17180.0,2105.96,-0.22967433132435877,5.0101238138902575,2.4181648772436164,85,,,,
7.797841547344288,17183.0,2105.28,-0.2547734036031613,2.1125039300667536,2.710720438951971,83,,,,
7.800291902405102,17184.0,2104.6,-0.2746459119713357,8.821278218929871,2.56839559260137,82,,,,
7.802896225295759,17186.0,2103.88,-0.28963330189684033,4.687781203182872,2.6569339002491468,82,,,,
7.805227971016293,17192.0,2103.2799999999997,-0.29987281910774544,1.399047432319655,2.735663203986911,82,,,,
7.807637203492484,17194.0,2102.5199999999995,-0.3013252363300417,4.336618457144411,2.7149979771129695,82,,,,
7.809742225519705,17197.0,2101.88,-0.29583109202589425,2.526026432665105,2.881345893983037,82,,,,
7.811641208004719,17200.0,2101.1600000000003,-0.28886932353508993,2.2787789820167723,3.1002421211415756,83,,,,
7.813377805837747,17201.0,2100.4800000000005,-0.27321346234900507,6.251752198899457,2.7191231761867583,82,,,,
7.81526718885819,17206.0,2099.84,-0.2580022776424857,1.3603557747192199,2.4185381241226187,82,,,,
7.81736961876735,17207.0,2099.44,-0.2540589005234694,7.568747672975727,2.625138053526464,82,,,,
7.820865960493745,17209.0,2098.9199999999996,-0.24988538230308804,6.293415107512464,2.5750003115391755,82,,,,
7.823759807238212,17213.0,2098.56,-0.25155753833008215,2.6044620700198817,2.4540805786954145,82,,,,
7.826573243511662,17221.0,2098.12,-0.26195051783009415,1.2660463230524652,2.596663267849867,83,,,,
7.828951732222238,17223.0,2097.56,-0.2802809938530423,4.281279679036859,2.487138728628632,83,,,,
7.8311217332362935,17225.0,2096.84,-0.2961389614730943,3.906001825299496,2.666127991334716,83,,,,
7.832392030541093,17230.0,2096.16,-0.3282642193455908,0.9146140594553542,2.632618609040861,85,,,,
7.833925722186227,17232.0,2095.36,-0.35325416234110063,2.7606449612421042,2.925353515810375,86,,,,
7.835649956929462,17235.0,2094.52,-0.3791361313507212,2.0690816918817725,2.9429373308882885,85,,,,
7.837245509697342,17238.0,2093.8,-0.3994126409970492,1.914663321456613,3.2660415396375533,85,,,,
7.8387968299242505,17240.0,2093.0,-0.4086327126324451,2.7923764084346434,3.0715037633871516,86,,,,
7.840067127234544,17241.0,2092.2400000000002,-0.40408183704056216,4.573070317057804,2.919022676728715,86,,,,
7.841516457454734,17245.0,2091.52,-0.3934863768502773,1.3043971981710623,3.2776237983462537,86,,,,
7.843361000300212,17247.0,2090.76,-0.36030917903896265,3.3201771218597482,3.1045766772581738,86,,,,
7.845282931982121,17252.0,2090.04,-0.31631901850536603,1.3837908109741306,2.9322414243247277,87,,,,
7.847246597737641,17255.0,2089.3599999999997,-0.2818277481354836,2.3563989066238165,2.7549542998079777,88,,,,
7.84962674643526,17256.0,2088.7599999999998,-0.23079672860728723,8.56853531142981,2.5409142696219513,89,,,,
7.852915675240186,17259.0,2088.48,-0.1806053832801087,3.946714565910606,2.2243408833314655,89,,,,
7.856602372721097,17264.0,2088.3599999999997,-0.13676353990866047,2.6544221862562174,2.285510986368747,89,,,,
7.8613515659044095,17273.0,2088.04,-0.09150455907924944,1.8996772733248388,2.0889742997182266,90,,,,
7.867179194533814,17281.0,2088.12,-0.04325007838669714,2.622432883232236,2.2945833922018997,90,,,,
7.873059006325049,17287.0,2088.2400000000002,-0.008431609650849447,3.527887074741266,2.6258642974202027,89,,,,
7.877703988012764,17295.0,2088.32,0.018696484973251597,2.090241759471858,2.4070619004946425,90,,,,
7.881469268032573,17303.0,2088.52,0.029734005960899083,1.694376008913914,2.596390693631892,91,,,,
7.884402185440767,17307.0,2089.04,0.034319191516564346,2.6396256673747116,2.9894439905755186,91,,,,
7.886472970905055,17309.0,2089.2799999999997,0.043898413040438004,3.7274138357179627,3.342226077785493,90,,,,
7.888354579628884,17313.0,2089.48,0.045057403271403854,1.6934478514460978,4.3757476822082975,87,,,,
7.891099513123304,17317.0,2089.56,0.04568010892767376,2.4704401449786473,4.369252085711346,87,,,,
7.8940369482377015,17320.0,2089.6,0.04605654244450991,3.5249221372766746,5.948720690426366,93,,,,
7.897661343874738,17324.0,2089.6400000000003,0.041583421642031736,3.2619560733329185,6.018001680895537,96,,,,
7.900578173884218,17325.0,2089.7599999999998,0.027692520173967283,10.500588034125592,5.937962282020914,95,,,,
7.904424372453937,17330.0,2089.92,0.020384763311037002,2.769262970197867,5.822793848346776,95,,,,
7.909221736712687,17331.0,2090.04,0.00977584465086864,17.270511331500302,5.934753367312432,96,,,,
7.915307536672306,17339.0,2090.08,0.00338211923323578,2.7386099818286924,5.7897179796546,96,,,,
7.921855146487187,17348.0,2090.08,-0.0004093154574771662,2.6190439259521723,5.505928315512931,97,,,,
7.929929125992157,17355.0,2090.04,-0.004810311489632959,4.1523323168416,6.888513564777331,98,,,,
7.937491986349396,17362.0,2089.7599999999998,-0.01403459090846507,3.8894710408656055,5.915711220559762,99,,,,
7.94340778762969,17371.0,2089.52,-0.02067332050105857,2.3663205121177,5.784013208612218,100,,,,
7.949115725128538,17379.0,2089.36,-0.024740229448913686,2.568571874481466,4.152734089876556,101,,,,
7.954970638275381,17380.0,2089.1600000000003,-0.02636092892271839,21.07768732863692,4.257139688632506,100,,,,
7.961174899470123,17387.0,2088.8,-0.03262190356334884,3.190762900152676,4.534808869822133,101,,,,
7.966873283884187,17395.0,2088.6400000000003,-0.035691547479072765,2.5642729863288904,4.369357947461735,101,,,,
7.97265568989511,17403.0,2088.56,-0.03899612337795001,2.6020827049157105,4.102712447034696,100,,,,
7.9774405160830915,17406.0,2088.5199999999995,-0.048567989805935075,5.74179142557776,4.643227198336818,97,,,,
7.981653224455817,17408.0,2088.24,-0.06359243958619057,7.582875070906573,4.574684023640321,94,,,,
7.984040625849482,17410.0,2088.0800000000004,-0.07393960524318809,4.297322508596419,2.875436587038488,93,,,,
7.9867294934969255,17416.0,2087.7599999999998,-0.08443092617270789,1.6133205884662407,2.8176147748296345,92,,,,
7.990136644804667,17417.0,2087.2400000000002,-0.09752086959338013,12.265744707870647,2.7359087056394236,91,,,,
7.993837196795694,17421.0,2086.6,-0.10935176621797191,3.3304967919241677,2.665947699642913,89,,,,
7.997437867728067,17425.0,2086.12,-0.12759495834882315,3.2406038391355523,2.4510227236704845,89,,,,
8.001551982985742,17428.0,2085.5600000000004,-0.13957789562423797,4.936938309210701,2.102740557346964,90,,,,
8.005635840324313,17433.0,2085.0,-0.1554113610270719,2.9403772837715803,1.9863823966123704,91,,,,
8.00912966357026,17437.0,2084.5199999999995,-0.16657993932247267,3.144440921351909,2.52260816354782,90,,,,
8.012822912516283,17440.0,2083.84,-0.17249358951056973,4.431898735227829,1.877211158337983,90,,,,
8.015568813112772,17442.0,2083.2,-0.17270956596113046,4.942621073678948,1.8939474769775846,90,,,,
8.018938547187288,17446.0,2082.5199999999995,-0.17580033170796816,3.0327606670651526,2.004557640465764,91,,,,
8.022402176339982,17447.0,2081.88,-0.17682608983108114,12.46906494970111,1.9036278136456501,90,,,,
8.025740241044522,17452.0,2081.2400000000002,-0.18187086042357564,2.403406587268884,2.44849117729857,89,,,,
8.028917392476611,17455.0,2080.64,-0.19188182029172637,3.812581718507695,2.4101640095170347,90,,,,
8.032129840082032,17457.0,2080.08,-0.1892398444354974,5.782405689756845,2.318950643552295,91,,,,
8.03507060110805,17462.0,2079.48,-0.1871312838455758,2.1173479387331477,2.2425372839715214,92,,,,
8.038747295751023,17463.0,2078.7599999999998,-0.17993110415097197,13.236100714704223,2.200401222374454,92,,,,
8.04290824601945,17470.0,2077.96,-0.1653416932198037,2.139917280905931,2.2419544283402746,91,,,,
8.046442747157446,17476.0,2077.4,-0.1484210210653335,2.1207006827969037,2.239056847856995,90,,,,
8.04978152833521,17480.0,2076.8399999999997,-0.13867196213781924,3.0049030599877806,2.142923766995507,90,,,,
8.053075405879166,17486.0,2076.4,-0.1340154592842623,1.9763265263735672,2.104324753180468,92,,,,
8.05649313271374,17487.0,2076.2400000000002,-0.13004111414698968,12.303816604462085,2.1352124828480132,93,,,,
8.059767862672869,17492.0,2076.16,-0.12648993800272187,2.3578055705722343,1.597669385451996,93,,,,
8.06362379512517,17501.0,2075.92,-0.11917897916426905,1.5423729809209297,1.5605201198967318,94,,,,
8.067611145268437,17504.0,2075.6,-0.11391542813604147,4.784820171918426,1.5017417747617394,93,,,,
8.070590991624382,17508.0,2075.28,-0.10528158325334758,2.6818617203499895,1.4025109632059798,94,,,,
8.071970081494083,17510.0,2074.92,-0.09288068656456935,2.4823617654615098,1.372970680588658,93,,,,
8.072857049235422,17514.0,2074.6400000000003,-0.07289828722558093,0.79827096720557,0.730199830849746,93,,,,
8.073108678275775,17517.0,2074.48,-0.04624442849941325,0.3019548484232699,0.6887087876789565,90,,,,
8.073375138482879,17523.0,2074.4,-0.009664405055851777,0.15987612426230843,0.6397540668972342,87,,,,
8.073599458514526,17525.0,2074.4,0.01785263462715753,0.4037760569656399,0.4908556678532687,83,,,,
8.073824503586973,17531.0,2074.48,0.0234723438232818,0.13502704346886216,0.40052204905509764,80,,,,
8.074061658889054,17533.0,2074.6,0.023889590484909594,0.4268795437467005,0.31546217183052755,78,,,,
8.074288319724758,17540.0,2074.76,0.01944174656247861,0.11656842979088826,0.31095463495123565,75,,,,
8.074712327631598,17543.0,2074.88,-0.002319661416412344,0.508809488207806,0.7155360907923726,75,,,,
8.07575963664282,17554.0,2074.8,-0.03103020529486611,0.3427556763996416,1.2120270415593697,76,,,,
8.076919377438827,17562.0,2074.6,-0.0581533289206396,0.52188335820301,1.3015101293266653,77,,,,
8.07845804527723,17568.0,2074.32,-0.10910435167058626,0.9232007030421752,1.5385972713833815,80,,,,
8.080842277101201,17569.0,2073.8,-0.17479522422769472,8.583234566298247,1.947238834836385,80,,,,
8.083446538279333,17570.0,2073.16,-0.24041156209463166,9.375340241275781,2.136947658074571,80,,,,
8.085279553231048,17574.0,2072.6400000000003,-0.2895892502863772,1.6497134565441227,2.260859909311066,81,,,,
8.08741441496266,17577.0,2071.92,-0.3178862595107356,2.561834077934336,2.4759202422856186,81,,,,
8.089840715523701,17579.0,2071.04,-0.3287825246262422,4.367341009871778,2.7887148219824285,80,,,,
8.091961994490795,17583.0,2070.24,-0.3307698135521997,1.9091510703847094,3.04171062153496,81,,,,
8.093884160757241,17587.0,2069.52,-0.32069363126565087,1.729949639801838,2.932046950073672,82,,,,
8.096056719180682,17590.0,2068.7599999999998,-0.30752492899974954,2.6070701081293866,2.9212468080047937,82,,,,
8.098152336914637,17592.0,2068.16,-0.30546334883495174,3.7721119211199405,3.1015451714177202,83,,,,
8.100050493611699,17594.0,2067.6799999999994,-0.2953004655500665,3.416682054711258,3.286867191542607,86,,,,
8.102232028985483,17596.0,2067.2,-0.2861764806515139,3.9267636728128106,3.128707680715538,89,,,,
8.10441767038637,17597.0,2066.72,-0.2825719667018306,7.868309043191291,3.376317054806335,91,,,,
8.106693277354454,17599.0,2066.2,-0.28041979481323487,4.096092542550819,3.3746553343533976,94,,,,
8.108661994830308,17600.0,2065.68,-0.2757235416336082,7.087382913073038,3.3182719303212345,94,,,,
8.110820751538965,17602.0,2065.0,-0.28126481215139487,3.8857620755814843,3.548808274950594,94,,,,
8.11279230086962,17603.0,2064.2799999999997,-0.2822283073876514,7.09757759035886,3.4075548033050382,94,,,,
8.114633082339413,17606.0,2063.56,-0.2818630718763523,2.208937763751815,3.292599484505947,95,,,,
8.11660179984061,17609.0,2062.7599999999998,-0.2827394696606989,2.3624610014362517,3.705862842879843,95,,,,
8.119191280255075,17610.0,2061.84,-0.2752268839092476,9.322129492071038,3.5810924441810954,95,,,,
8.121578068635598,17614.0,2061.12,-0.26771103913000005,2.1481095424701246,3.3451540350122313,95,,,,
8.125082782607942,17618.0,2060.36,-0.2542177121864687,3.15424257511023,3.9961916213741047,95,,,,
8.129779037250465,17619.0,2059.48,-0.23740329957675535,16.906516713084695,3.6457843799717344,94,,,,
8.134106305876761,17623.0,2058.8,-0.21910459597263263,3.894541763666856,3.8125960663427625,93,,,,
8.13922965751293,17627.0,2058.08,-0.20184948771869302,4.611016472551374,3.7302646194393843,96,,,,
8.14457803859821,17628.0,2057.32,-0.18135806750063435,19.254171907012257,3.598773602086659,96,,,,
8.149581989433802,17635.0,2056.6400000000003,-0.17680614672310774,2.5734604297332524,3.9658176753714782,98,,,,
8.153381822364626,17637.0,2056.12,-0.17378057931430196,6.83969927548334,3.857891087695009,98,,,,
8.157064080661351,17642.0,2055.6,-0.17541904001802894,2.651225973642172,2.9916547195179657,96,,,,
8.159557362592626,17643.0,2055.16,-0.18370762644581523,8.975814952584182,3.0230184165839735,96,,,,
8.162465411330757,17644.0,2054.6,-0.18459772498165544,10.468975457271824,2.852642728158355,96,,,,
8.16444659073073,17647.0,2054.12,-0.17658031613522512,2.377415279967494,1.9730822677486919,95,,,,
8.166170838076694,17652.0,2053.6,-0.17028150141774706,1.2414580890939266,1.8830528477020807,95,,,,
8.167773082541503,17653.0,2053.12,-0.1733398472725916,5.768080073316297,1.5733481399041445,96,,,,
8.168699646205548,17657.0,2052.7999999999997,-0.17376462307565785,0.8339072976408496,1.8696030441743563,99,,,,
8.169208466567834,17658.0,2052.6,-0.18288797414514046,1.8317533042327465,1.529808624521446,99,,,,
8.169927704971535,17668.0,2052.4,-0.18442776754632623,0.25892582533205344,1.713666870770649,99,,,,
8.171959439395453,17678.0,2052.04,-0.18385895270058947,0.7314243926101187,1.7319710843757619,98,,,,
8.174190622756843,17679.0,2051.68,-0.1691701062551632,8.032260101004386,2.094280243612566,98,,,,
8.178058272606837,17684.0,2051.0800000000004,-0.15761492748702594,2.7847078919957977,1.9737559016561346,98,,,,
8.18182228133632,17685.0,2050.48,-0.14248945982097577,13.550431426137997,2.0373556493904097,98,,,,
8.18657531244223,17691.0,2049.88,-0.12920013423805934,2.851818663545767,2.2634645828008573,95,,,,
8.190637816956274,17693.0,2049.52,-0.11629847722531865,7.31250812528058,2.422934622003155,94,,,,
8.194809102943143,17700.0,2049.04,-0.09194317784854324,2.1452327932468944,2.8324775974022245,92,,,,
8.197907846949105,17707.0,2048.9199999999996,-0.06184977933914555,1.5936397744946407,2.92360415291258,90,,,,
8.20092215492315,17710.0,2049.0,-0.023550172100241795,3.6171695688545515,3.0782097677501086,90,,,,
8.203048329988414,17715.0,2049.08,0.013515116766971761,1.530846046990031,3.445607695494837,86,,,,
8.205567317894069,17718.0,2049.32,0.05122692921882697,3.0227854867851023,3.791381519573453,85,,,,
8.207908137215705,17721.0,2049.7599999999998,0.08019094381380161,2.808983185963981,4.2228564992133,84,,,,
8.2103287439576,17728.0,2050.2,0.11084340301672199,1.2448834672599745,4.578749339791153,85,,,,
8.21295785746262,17730.0,2050.6400000000003,0.12653356231793356,4.732404309035273,4.6983274219890605,86,,,,
8.216253124549347,17736.0,2051.12,0.13088668988669622,1.9771602520366376,4.736418665171312,88,,,,
8.219246976532895,17739.0,2051.56,0.13357967184929634,3.5926223802586446,4.790505428232402,90,,,,
8.222126432066531,17744.0,2051.9200000000005,0.12215430340512663,2.0732079842172437,4.447997248549627,92,,,,
8.224537211721193,17752.0,2052.1600000000003,0.1023473567250855,1.0848508445978498,3.9798152617773077,95,,,,
8.226464208957609,17756.0,2052.2799999999997,0.09867479149593672,1.7342975127737192,3.7482985682745005,98,,,,
8.227364903708512,17759.0,2052.3599999999997,0.11009192812532338,1.0808337010834042,2.747444474936346,101,,,,
8.227558639608942,17761.0,2052.32,0.16876348120147666,0.34872462077456456,2.30309834101736,101,,,,
8.227691871157841,17769.0,2052.28,0.24293034905106956,0.05995419700436628,1.4728457208577037,101,,,,
8.22789269919021,17780.0,2052.3599999999997,0.27892698393181353,0.06572553786617448,1.0586950870024425,103,,,,
8.228160075424283,17786.0,2052.48,0.28563596963629495,0.16042574044288974,0.8756159390488044,99,,,,
8.22823448534697,17795.0,2052.7200000000003,0.2788037955383055,0.029763969075231076,0.5709049791190586,97,,,,
8.228281916490038,17801.0,2053.0,0.2567983267242373,0.028458685840793443,0.44998617392193124,97,,,,
8.228560182641672,17809.0,2053.24,0.22769727721442862,0.12521976823502134,0.39174025421772674,95,,,,
8.22883209104818,17818.0,2053.3599999999997,0.18574936718874038,0.10876336260281365,0.7300430068187511,95,,,,
8.229562418711554,17836.0,2053.36,0.12423027570912075,0.14606553267491873,0.8262442084490381,97,,,,
8.23039975499733,17840.0,2053.2,0.04239887101401938,0.7536026571985788,0.8754211225130775,98,,,,
8.23214170228808,17848.0,2052.84,-0.0890262998809149,0.7838762808370472,1.7092438188090249,95,,,,
8.23406124252979,17849.0,2052.2799999999997,-0.22409336198558236,6.910344870156279,1.7836766179080445,96,,,,
8.236232872195467,17855.0,2051.68,-0.31127622633467567,1.302977799405477,1.7979721346730826,96,,,,
8.237716262904247,17861.0,2051.0,-0.3793987812767551,0.8900344252680626,1.8564724412579288,96,,,,
8.239332043580852,17862.0,2050.32,-0.42570274392575397,5.8168104357778025,1.9698793428288515,95,,,,
8.240357344730628,17868.0,2049.7599999999998,-0.4662044903115314,0.615180689865804,1.9566975035186214,95,,,,
8.24078395971789,17871.0,2049.32,-0.49998516046702896,0.5119379847147165,2.4650547482175442,99,,,,
8.241450117097763,17874.0,2048.7200000000003,-0.5112531613206618,0.7993888558487863,2.231146027761915,102,,,,
8.242164093694756,17876.0,2048.2,-0.5109783374538406,1.285157874585552,2.232934334581743,102,,,,
8.243482173842107,17882.0,2047.5600000000002,-0.5082523550136062,0.7908480884107864,2.7014785046989203,103,,,,
8.244779520701284,17883.0,2046.8799999999999,-0.4967798347813782,4.670448693039463,2.143385351495985,103,,,,
8.246235976470043,17888.0,2046.2800000000002,-0.492971671250653,1.0486481535063212,2.153237168727421,102,,,,
8.247463012560402,17892.0,2045.72,-0.505874344032804,1.104332481323533,2.424436777329084,99,,,,
8.248896312767751,17893.0,2045.08,-0.5035285277785744,5.1598807464554035,2.5233287821880075,99,,,,
8.24960080754606,17894.0,2044.52,-0.5079567909516063,2.53618120191085,2.5189860087697378,98,,,,
8.250766210575813,17899.0,2044.0,-0.5041957820071454,0.8390901814231004,2.7302464866539493,98,,,,
8.252257055914203,17901.0,2043.36,-0.49075853720353485,2.683521609101558,2.324394395590053,98,,,,
8.253958625632652,17905.0,2042.7599999999998,-0.48945224927852415,1.5314127466044887,2.3671004460410527,97,,,,
8.25534411190652,17909.0,2042.1200000000001,-0.5022152181116835,1.2469376464819704,2.38602673859313,98,,,,
8.256816404251857,17911.0,2041.44,-0.5128470343202541,2.6501262216051678,1.9564189180768072,99,,,,
8.258191423077609,17915.0,2040.72,-0.5240983023322315,1.2375169431767294,1.890649294496906,99,,,,
8.2590191844807,17917.0,2039.92,-0.5423492317968254,1.4899705255648585,2.0305026047077526,99,,,,
8.260078268241188,17920.0,2039.0399999999997,-0.5470889982473915,1.2709005125849373,2.3484796169680777,98,,,,
8.261610439166988,17924.0,2038.1599999999999,-0.5435795917261825,1.3789538332204394,2.311779617646803,96,,,,
8.263241564693114,17927.0,2037.36,-0.5343618044869524,1.957350631350663,2.6881045373362387,96,,,,
8.264966500021865,17930.0,2036.48,-0.5212534659780428,2.0699223944998564,2.9006852918008925,94,,,,
8.26654907870445,17931.0,2035.6799999999998,-0.5050611757132321,5.697283257309342,2.8685643755335892,93,,,,
8.268198801648781,17936.0,2035.0,-0.483313065588293,1.1878005199176398,3.3197936344166323,91,,,,
8.270230649945185,17938.0,2034.3200000000002,-0.4594240493811446,3.6573269335272673,3.343333363544019,91,,,,
8.27218803821296,17940.0,2033.64,-0.43117570184637044,3.5232988819949895,3.489560786915841,90,,,,
8.273441551431718,17946.0,2033.0,-0.416424864838495,0.7521079312545546,3.51319151049899,88,,,,
8.27467758510172,17947.0,2032.4,-0.39778565534808474,4.449721212005692,3.4336849931853024,89,,,,
8.276458111573154,17952.0,2031.7599999999998,-0.37653079916345283,1.2819790594326326,2.9331178975751806,89,,,,
8.278452345150479,17955.0,2031.2,-0.36727222759464256,2.393080292788411,2.8985994125514147,88,,,,
8.280732346177611,17959.0,2030.56,-0.3544576761797853,2.0520009244194215,2.81510676234214,87,,,,
8.282313170782515,17963.0,2029.92,-0.33587241438058923,1.4227421444144357,2.4302304614208445,86,,,,
8.283532506859519,17966.0,2029.36,-0.3203742677608169,1.4632032924035698,2.930984770131053,87,,,,
8.284890982800587,17970.0,2028.6800000000003,-0.31464772220132287,1.2226283469610937,2.451697185892309,87,,,,
8.286645539809793,17971.0,2028.0800000000004,-0.30136705623448157,6.316405233146998,2.3878409893387604,87,,,,
8.288764442815863,17976.0,2027.6,-0.29333506292723494,1.5256101643704503,2.2789661943507156,87,,,,
8.291388130353763,17977.0,2027.1200000000001,-0.2859740603398529,9.4452751364418,2.288086841049083,86,,,,
8.294578899872628,17983.0,2026.44,-0.2741899925068137,1.9144617113189741,2.35530853816818,87,,,,
8.297364117108645,17990.0,2025.8400000000001,-0.27211709927976263,1.4323974356663027,2.347720592729117,87,,,,
8.30048058027589,17994.0,2025.2,-0.2654409221913186,2.804816850520506,2.523010249522738,87,,,,
8.303489188877698,17997.0,2024.4,-0.2683286589463209,3.610330322170553,2.260215310964635,86,,,,
8.305873378640795,18000.0,2023.72,-0.2817750054625663,2.8610277157172668,2.7339892011253597,86,,,,
8.30811951926134,18005.0,2023.0,-0.2961643816093279,1.6172212467923024,2.316771669037993,87,,,,
8.309972647020027,18007.0,2022.36,-0.2996171076388057,3.3356299656391526,2.3257937782988436,88,,,,
8.31193959199801,18011.0,2021.64,-0.3147792153940715,1.7702504801847079,2.96950354281578,89,,,,
8.314113903425643,18012.0,2020.8799999999999,-0.3280149675314372,7.8275211394778825,3.0804823937596324,89,,,,
8.316104216792729,18016.0,2020.1599999999999,-0.33205176495266986,1.7912820303770824,3.0448051942534162,89,,,,
8.317858043976557,18021.0,2019.52,-0.3527947255885513,1.26275557235624,3.3175213946593787,89,,,,
8.320157854357047,18022.0,2018.7599999999998,-0.3684941410112629,8.279317369764849,3.4663244155624917,89,,,,
8.322049086031805,18025.0,2018.0400000000002,-0.38429652774206147,2.269478009710081,3.3276583379776796,91,,,,
8.323781206187457,18029.0,2017.4,-0.40203299703884277,1.5589081400860292,3.4753030109711887,91,,,,
8.325678453277627,18031.0,2016.6,-0.4222860829200915,3.4150447623070335,3.025704113019478,92,,,,
8.327328301767343,18034.0,2015.8799999999999,-0.4415145360919254,1.979818187660126,2.936096044493574,92,,,,
8.328552141330832,18038.0,2015.2,-0.4616489664165047,1.101455607140125,2.9118743380996874,92,,,,
8.329884463321354,18040.0,2014.4399999999998,-0.4769983327658186,2.398179582940723,2.4645373477718753,91,,,,
8.330931936240011,18043.0,2013.56,-0.4918877332058219,1.2569675023888744,3.1241480056438014,92,,,,
8.332164804152805,18048.0,2012.6799999999998,-0.49835234073121876,0.887664897211128,3.1376790593432053,91,,,,
8.333564315837618,18053.0,2011.8400000000001,-0.4880467212379503,1.0076484130652184,2.871720524563163,91,,,,
8.335566145729286,18056.0,2010.92,-0.48805278043684625,2.4021958700010906,3.5502384504642364,91,,,,
8.33790789981924,18057.0,2009.9600000000003,-0.4866079731415402,8.430314723838126,3.8076732378776663,90,,,,
8.339865903453934,18061.0,2009.1599999999999,-0.47846553502768163,1.7622032712231324,3.742537669171412,90,,,,
8.341693895063226,18065.0,2008.4,-0.4647521844966878,1.645192448364054,3.904980236421507,90,,,,
8.344081587270404,18066.0,2007.44,-0.4529401110576245,8.595691945840178,4.036495294985361,90,,,,
8.34644863226938,18069.0,2006.52,-0.4435933935574911,2.84045399877176,4.6862966290562635,90,,,,
8.34887358061789,18074.0,2005.64,-0.4272797380052844,1.7459628109271101,4.567580370685492,88,,,,
8.351327847985772,18078.0,2004.8,-0.40952629545090946,2.208840631092735,3.7436562863039624,88,,,,
8.353576026719033,18083.0,2003.9599999999998,-0.41801547983143655,1.6186886879481912,4.247748780268265,88,,,,
8.355547589887053,18084.0,2003.1200000000001,-0.4351802327581858,7.097627404874863,4.316897723671273,88,,,,
8.356934883769044,18088.0,2002.4,-0.44042786433961123,1.2485644937928377,3.4849782804832685,89,,,,
8.358014995092171,18092.0,2001.7599999999998,-0.44711329483394036,0.9721001908134553,3.2750890540101807,89,,,,
8.359447093136168,18093.0,2000.8800000000003,-0.45510030388866474,5.155552958387334,3.28021565061458,89,,,,
8.361182250112435,18096.0,1999.9599999999998,-0.45305073092446924,2.082188371520956,3.737681415679232,90,,,,
8.362733979827688,18102.0,1999.1200000000001,-0.44809329198472775,0.9310378291514754,3.777123375071207,89,,,,
8.364281713335894,18106.0,1998.2800000000002,-0.4411963900050851,1.3929601573843386,3.3026787982027264,90,,,,
8.3662585019667,18110.0,1997.36,-0.43676168759775236,1.779109767725163,3.4266359922899943,90,,,,
8.368231185123243,18111.0,1996.52,-0.43294219708480347,7.1016593635554015,3.7943888637255805,90,,,,
8.37034787294158,18115.0,1995.64,-0.4126030427857481,1.9050190365029884,3.515220033099923,90,,,,
8.372854534656645,18119.0,1994.7599999999998,-0.38239630147768866,2.2559955435587904,3.4048707653267734,90,,,,
8.375645987999913,18123.0,1993.8799999999999,-0.35777745960034035,2.5123080089414604,3.7652080619655948,90,,,,
8.379159451462218,18125.0,1993.0,-0.3385192829133935,6.324234232149375,4.3761923401844625,91,,,,
8.382641076575315,18127.0,1992.1600000000003,-0.3156142845344161,6.266925203572959,4.275207484479801,91,,,,
8.385487774298038,18132.0,1991.48,-0.3062310541679133,2.049622360361574,3.795867306635909,92,,,,
8.388490396235541,18134.0,1990.7599999999998,-0.30558999847758594,5.40471948750385,4.212518240922677,91,,,,
8.391722657316752,18135.0,1989.9600000000003,-0.30522865807207167,11.636139892359616,4.0925400673910595,91,,,,
8.394000113036247,18140.0,1989.28,-0.31406687920665227,1.6397681180371229,4.014047058616762,91,,,,
8.396306713593987,18143.0,1988.5600000000002,-0.3301045888910923,2.767920669288328,3.8560662777595427,92,,,,
8.398621874964865,18144.0,1987.7599999999998,-0.34577848318532656,8.334580935161481,3.5552128268184275,92,,,,
8.400179502662208,18148.0,1987.0400000000002,-0.3731063582704855,1.4018649276087487,3.745470303110571,93,,,,
8.401537270871692,18151.0,1986.2400000000002,-0.397778991422408,1.629321851380715,3.6417787163610216,93,,,,
8.40288776662861,18153.0,1985.44,-0.41600484197100507,2.4308923624500762,2.9891214022359853,93,,,,
8.404088902308372,18157.0,1984.72,-0.443072832971002,1.0810221117862633,3.516768556893487,92,,,,
8.405574582447352,18159.0,1983.9599999999998,-0.4594687119442725,2.674224250165761,3.3678879955931365,92,,,,
8.407093115812543,18161.0,1983.28,-0.4544961380012961,2.7333600573422685,2.872661116660639,92,,,,
8.408352399958195,18165.0,1982.64,-0.4581568055860773,1.1333557310870919,3.4195613445072164,94,,,,
8.409668187268872,18166.0,1981.92,-0.4465831885666969,4.736834318434778,3.8337979344537123,94,,,,
8.411050180314207,18171.0,1981.28,-0.42485937429355325,0.9950349926417166,3.6473657452367916,93,,,,
8.412184517227365,18174.0,1980.8,-0.41081404554763284,1.3612042957878212,3.92563871037594,90,,,,
8.413652306604225,18175.0,1980.1599999999999,-0.3931094123514167,5.284041756697193,4.007386500195207,89,,,,
8.415037695262203,18176.0,1979.6,-0.3714312868071777,4.987399168720703,3.865547646654025,87,,,,
8.416580718691748,18180.0,1979.0800000000004,-0.35120704640321193,1.3887210865892528,4.190447855912014,86,,,,
8.418937059380422,18182.0,1978.4,-0.3243029152780876,4.241413239612769,3.7363427195068426,86,,,,
8.42177502723204,18184.0,1977.64,-0.3031483711097731,5.108342132913833,3.888664859271695,86,,,,
8.424910007140916,18188.0,1976.9599999999998,-0.300163242105809,2.821481917987704,4.177812307239806,86,,,,
8.428062238510883,18190.0,1976.28,-0.29540869043377715,5.67401646593912,3.6393489719826233,86,,,,
8.430979464247248,18194.0,1975.6,-0.300052244937008,2.6255031627281618,3.211179709945687,87,,,,
8.433506404920083,18197.0,1974.92,-0.31637272470054806,3.032328807402574,3.288152831836375,87,,,,
8.436078038653745,18199.0,1974.1599999999999,-0.32753237582895706,4.628940720592789,3.3441253067675403,87,,,,
8.43858003169958,18204.0,1973.3200000000002,-0.3289644493992482,1.8014349930011124,2.9976334303364545,86,,,,
8.440768443151367,18208.0,1972.52,-0.33390903135801187,1.9695703066085504,2.9062461116591374,85,,,,
8.443158969135794,18212.0,1971.64,-0.34036820966756665,2.1514733859847133,2.7398392799113753,85,,,,
8.444838395879307,18213.0,1970.8,-0.34115811574149746,6.045936276643234,2.7479057071373205,85,,,,
8.445947315894982,18217.0,1970.1200000000001,-0.34419673703633175,0.9980280141073979,2.899764693319839,86,,,,
8.447086396725744,18220.0,1969.4800000000002,-0.34667667158274834,1.366896996914998,3.0835436158726397,86,,,,
8.448669572809713,18222.0,1968.8400000000001,-0.34052696989159364,2.849716951144728,3.063279809932149,86,,,,
8.450483667162157,18225.0,1968.3200000000002,-0.33727066979753356,2.1769132229326313,3.290218546383376,89,,,,
8.452783132688475,18227.0,1967.7599999999998,-0.33418571624609783,4.13903794737496,3.5844656652999562,89,,,,
8.455237317896525,18228.0,1967.1200000000001,-0.32360751584902053,8.83506674898236,3.3747394965304602,89,,,,
8.457549716170499,18233.0,1966.52,-0.32298034442049334,1.6649267572611748,3.5260581814279397,89,,,,
8.459873846083996,18235.0,1965.8,-0.3286876355239376,4.183433844294465,4.012686524719461,89,,,,
8.462723346905797,18237.0,1964.92,-0.32720853596794536,5.129101479243695,4.120192426242166,89,,,,
8.46495023671361,18240.0,1964.2,-0.3289422197807081,2.672267769376953,4.092455543046893,89,,,,
8.466925724516635,18243.0,1963.44,-0.34017648334396167,2.3705853636297944,4.366722563275499,89,,,,
8.469025508101902,18244.0,1962.6,-0.35327957588949466,7.559220906963168,4.029702421953034,89,,,,
8.470881536443589,18246.0,1961.92,-0.3697750413106272,3.3408510150343154,4.0959276300942715,89,,,,
8.472644713859564,18250.0,1961.3200000000002,-0.3827539675837028,1.5868596743780148,3.8903230895805323,86,,,,
8.474717688242139,18251.0,1960.52,-0.3889314665760272,7.462707777266437,3.694567082500862,86,,,,
8.476714393299455,18254.0,1959.6399999999999,-0.3936330805589857,2.3960460687779315,3.963821200858451,87,,,,
8.478629142870718,18258.0,1958.7599999999998,-0.3904357077464611,1.7232746141363968,3.8857015113516793,86,,,,
8.480598436095256,18262.0,1957.8400000000001,-0.37957310729711247,1.7723639020841866,3.676554328336459,86,,,,
8.48279474380926,18265.0,1956.8799999999999,-0.37185529171659193,2.6355692568029045,3.4784663104667266,85,,,,
8.484538377221117,18266.0,1956.08,-0.3607355989250825,6.27708028268575,3.3552814465234357,85,,,,
8.486439520439692,18270.0,1955.36,-0.3358166943667413,1.7110288967180767,3.250853762789151,82,,,,
8.489114147693837,18272.0,1954.64,-0.30369065827764125,4.814329057461165,3.330292211361166,82,,,,
8.49184416285314,18275.0,1953.9599999999998,-0.2667903492332489,3.276018191163677,3.187456841410353,83,,,,
8.494155263075701,18280.0,1953.4,-0.23111822553592506,1.6639921602441134,3.0621888663892163,84,,,,
8.497610331157697,18281.0,1952.8800000000003,-0.1945685660162184,12.43824509518635,3.071706123217894,85,,,,
8.50220213847129,18283.0,1952.4,-0.17165846114321381,8.26525316446813,2.595585762876875,88,,,,
8.50633773263696,18289.0,1952.0800000000004,-0.1568867690662008,2.481356499401114,2.718109926953873,90,,,,
8.512003669867134,18296.0,1951.6799999999998,-0.1463572946695327,2.9139105755181633,2.345061238997104,90,,,,
8.517603407608698,18299.0,1951.3200000000002,-0.14141007359380892,6.71968528987766,2.182451743461145,91,,,,
8.522040995880651,18307.0,1950.7599999999998,-0.15128612598967411,1.99691472237907,2.324008475447164,89,,,,
8.525482998147064,18309.0,1950.1200000000001,-0.16313261079668193,6.195604079543834,1.8370718117323228,89,,,,
8.528620691966145,18316.0,1949.48,-0.1742001324551244,1.6136711069559861,1.5637066944855817,88,,,,
8.530779376811392,18321.0,1948.8,-0.19664946017943802,1.5542530885778978,1.7266328639070951,88,,,,
8.533368342710872,18323.0,1947.92,-0.22017521047018582,4.660138619066532,2.0643740509477317,88,,,,
8.535980877301121,18327.0,1947.1599999999999,-0.2373512301638226,2.3512811312237574,1.9180093699753407,88,,,,
8.538320751896931,18331.0,1946.52,-0.25699718133740496,2.1058871362292395,2.2311822969671096,86,,,,
8.541042401947598,18334.0,1945.72,-0.28257351843351153,3.265980060800977,2.7576055782730284,87,,,,
8.543764052049765,18336.0,1944.8799999999999,-0.3050558914129931,4.898970183899509,2.8439680035484747,87,,,,
8.545977185742709,18340.0,1944.2400000000002,-0.3227842254306366,1.9918203236504581,2.91032300104424,88,,,,
8.548856681912278,18343.0,1943.44,-0.34078282318132314,3.4553954034826826,3.143044424347314,87,,,,
8.551588127017807,18344.0,1942.48,-0.3525310745126137,9.833202379900817,3.2993426265211574,88,,,,
8.553583058896788,18350.0,1941.6,-0.362829654724871,1.1969591273887068,3.3161601940801555,90,,,,
8.555001479797866,18355.0,1940.8,-0.37413169604297825,1.0212630487769547,3.6367034035747716,90,,,,
8.556948451419176,18357.0,1939.8399999999997,-0.37920642534940313,3.5045489183569134,3.767728421646276,90,,,,
8.558699653417111,18360.0,1939.0400000000002,-0.39107060392330284,2.1014423975214434,3.818964984388785,90,,,,
8.560210336136157,18365.0,1938.3600000000001,-0.4034841943922768,1.0876915577121533,4.18182610728275,90,,,,
8.562477343072784,18367.0,1937.56,-0.40365941907793407,4.080612485929384,3.6716024986249307,90,,,,
8.564767825490094,18369.0,1936.8399999999997,-0.40017211238733363,4.122868351157632,3.721213298884404,91,,,,
8.566738316991511,18373.0,1936.1199999999997,-0.41105727652502033,1.773442351275786,4.44439225103807,90,,,,
8.568759970604766,18374.0,1935.28,-0.41007559546507577,7.277953007717914,4.202840180077158,90,,,,
8.570659648926073,18377.0,1934.52,-0.4101837247141977,2.279613985567746,4.116317954996598,91,,,,
8.572175514751855,18381.0,1933.8400000000001,-0.42522151946046594,1.3642792432032467,4.519369273973461,91,,,,
8.573807148992357,18382.0,1932.9599999999998,-0.42875625456194105,5.87388326580395,4.467476173221515,91,,,,
8.575075147617595,18385.0,1932.1599999999999,-0.42991348389336037,1.5215983502846098,4.225527600840076,91,,,,
8.576611076786643,18389.0,1931.4800000000002,-0.43603806245732013,1.38233625214372,4.412817987914289,90,,,,
8.578731648036674,18391.0,1930.64,-0.4330301872204255,3.8170282500581836,3.923850904706036,90,,,,
8.580731800666387,18393.0,1929.8799999999999,-0.4287100389337669,3.600274733483189,3.8661980177883235,89,,,,
8.582655156477035,18396.0,1929.2,-0.43927953747480525,2.308026972777905,4.15227668449354,89,,,,
8.584335897859614,18398.0,1928.44,-0.4345826967392279,3.0253344886406093,3.5917723092775313,88,,,,
8.585832099366304,18401.0,1927.6799999999998,-0.4316597919323287,1.7954418080275791,3.6579322268119747,88,,,,
8.58736952111047,18404.0,1927.0,-0.44220338532374337,1.844906092998292,4.211657964666037,88,,,,
8.589225550752815,18406.0,1926.1599999999999,-0.44527435126042925,3.340853356222897,4.165016653769373,89,,,,
8.590920062826513,18409.0,1925.4,-0.44364322875901874,2.0334144884370224,3.9167401280862686,89,,,,
8.592613899631354,18412.0,1924.6799999999998,-0.4593449598770061,2.032604165809833,3.7889831575101818,89,,,,
8.594453753503059,18413.0,1923.8400000000001,-0.4676277079782537,6.623473938136977,4.11923489457522,90,,,,
8.59649665740286,18415.0,1922.9599999999998,-0.46680878877554244,3.677227019641957,4.016923730776325,90,,,,
8.598198823717276,18418.0,1922.2400000000002,-0.4735120277215916,2.042599577298639,4.039193552462478,91,,,,
8.59987942410801,18422.0,1921.36,-0.46873342487427133,1.512540351661414,4.219300241637344,92,,,,
8.601414182235057,18423.0,1920.5199999999998,-0.46469545898243164,5.525129257367244,4.3971958969843845,92,,,,
8.602666482148662,18427.0,1919.8399999999997,-0.4597982925462539,1.127069922244201,4.7784638551714185,94,,,,
8.603788769150022,18429.0,1919.1199999999997,-0.45178463190845486,2.020116602449654,4.272650080643883,93,,,,
8.605057346599693,18430.0,1918.44,-0.44085392050170374,4.566878818818102,4.536132009192749,93,,,,
8.606861261467538,18432.0,1917.8,-0.4376669563758888,3.247046762118469,4.595048111682302,90,,,,
8.608608744982817,18433.0,1917.2,-0.4223469374294367,6.290940655005296,4.567620373774109,88,,,,
8.610520120913135,18437.0,1916.52,-0.4213675967751893,1.720238337286729,4.4992675740450725,86,,,,
8.61249464068285,18438.0,1915.8400000000001,-0.4328528726509019,7.108271170977618,4.546795589885717,86,,,,
8.614412603738671,18441.0,1915.1600000000003,-0.4277137951372181,2.3015556669844903,4.620878456395135,86,,,,
8.616137683041485,18446.0,1914.48,-0.42885680564627127,1.2420570980261028,4.328659773229448,86,,,,
8.617930418489872,18447.0,1913.64,-0.43343232700381995,6.453847614192682,3.9414539038349163,85,,,,
8.61911414600485,18450.0,1912.8,-0.4294631652842657,1.4204730179743743,3.5473104477050086,85,,,,
8.620511173589103,18452.0,1912.2,-0.42119526166053134,2.5146496516534262,3.4855793695753947,85,,,,
8.621945745565395,18454.0,1911.56,-0.4162176482269181,2.5822295573268663,3.4631481503591695,85,,,,
8.623104346820405,18461.0,1910.9199999999996,-0.4170904855024557,0.5958520740051697,3.424776739884418,86,,,,
8.62416459658253,18463.0,1910.44,-0.41577009053558517,1.908449571825032,3.421003312331974,86,,,,
8.625642980842283,18467.0,1909.9599999999998,-0.40305494624381694,1.3305458337780578,2.9424423599834877,86,,,,
8.627157273626652,18468.0,1909.4,-0.39294033807599976,5.451454023733052,3.0763956515138133,86,,,,
8.628942168860053,18471.0,1908.7599999999998,-0.3952179153617358,2.1418742800804482,3.078407399600785,86,,,,
8.630711773963974,18476.0,1908.1599999999999,-0.39666738160767656,1.2741156748231344,2.8565170554791957,87,,,,
8.632518441731236,18480.0,1907.5600000000002,-0.39380280473541407,1.6260009905356518,3.3650620004956195,87,,,,
8.63451329584322,18483.0,1906.8799999999999,-0.4080099803702577,2.393824934382252,3.209745909154189,86,,,,
8.635919180253952,18485.0,1906.2400000000002,-0.4203282223721379,2.5305919393155443,3.335273585163892,86,,,,
8.63735251076648,18490.0,1905.56,-0.4337354205656337,1.0319979690203214,2.8099952819682756,86,,,,
8.638489290138331,18491.0,1904.9599999999998,-0.4432559504838626,4.092405738665611,2.6369254241127926,85,,,,
8.639659864956231,18496.0,1904.28,-0.45806213245740846,0.8428138688875689,3.216269768393429,83,,,,
8.640898288249684,18498.0,1903.6399999999999,-0.462467795640769,2.229161928215735,3.160836808452034,83,,,,
8.642235602994568,18501.0,1902.9599999999998,-0.4620339418499765,1.6047776938613336,3.0339480774757543,83,,,,
8.643511095730409,18506.0,1902.2400000000002,-0.47438130849768845,0.9183547698058112,3.4255712186064238,84,,,,
8.645136176299188,18507.0,1901.4399999999998,-0.48265135289499767,5.850290047603793,3.5415058284486256,84,,,,
8.646670862299153,18511.0,1900.7599999999998,-0.49111541256326935,1.3812173999688788,3.193090406501317,85,,,,
8.64817536477184,18514.0,1900.0399999999997,-0.4952046099979226,1.805402967224091,3.345557778469812,88,,,,
8.650020962553864,18515.0,1899.1200000000001,-0.4923003941215807,6.644152015289389,3.310970059647623,89,,,,
8.652236200430297,18519.0,1898.2,-0.4762471217833191,1.9937140887890845,3.4964869240090968,90,,,,
8.654155748695793,18523.0,1897.3200000000002,-0.4567930313130134,1.727593438946112,3.764169874805674,91,,,,
8.65623044131897,18527.0,1896.4,-0.43075642065518993,1.8672233608587365,3.2332021939069997,92,,,,
8.65784120452142,18530.0,1895.6,-0.415977016248799,1.932915842939915,3.184276461370196,91,,,,
8.659474436947113,18532.0,1894.92,-0.39917874732867825,2.9398183662470294,3.273172298428153,90,,,,
8.66123602069387,18534.0,1894.2400000000002,-0.3611340348795608,3.1708507441642912,2.628482517355654,87,,,,
8.663093866906335,18537.0,1893.6,-0.32183473939385776,2.2294154549572336,2.5147684052398485,85,,,,
8.665575467908074,18543.0,1892.8800000000003,-0.28676904885804994,1.4889606010430043,2.343302290883096,84,,,,
8.668341695603782,18545.0,1892.1599999999999,-0.24832434341266155,4.979209852276036,2.167272427958193,84,,,,
8.671537712802087,18550.0,1891.6799999999998,-0.21976219818325937,2.3011323827789383,2.084310695738158,82,,,,
8.675329636766666,18554.0,1891.2400000000002,-0.20489135764449343,3.4127315681215307,1.9745411753435884,81,,,,
8.679308211498629,18562.0,1890.7599999999998,-0.19241819829429196,1.790358629383479,1.680450312889007,82,,,,
8.683245054761324,18568.0,1890.3200000000002,-0.18744650828876225,2.3621059576168224,1.7534983286387338,84,,,,
8.68737009564011,18571.0,1889.8400000000001,-0.18042106563701665,4.950049054543091,1.7067807370590817,84,,,,
8.69074979652265,18573.0,1889.2,-0.17385547394919887,6.083461588573663,1.4602819082631797,83,,,,
8.694153518406303,18578.0,1888.56,-0.1816355536467702,2.4506797562300866,1.8360445855826903,84,,,,
8.697504281406745,18580.0,1887.8400000000001,-0.1860085212539072,6.031373400797363,1.7506523465362398,83,,,,
8.700470385169963,18586.0,1887.2,-0.19026845288852626,1.7796622579300345,1.7245528192960802,83,,,,
8.702296239238768,18591.0,1886.64,-0.19792970328679632,1.3146149295396774,2.0305616889294287,85,,,,
8.704992798081749,18592.0,1886.0,-0.2062509915209727,9.70761183473063,1.933299706119962,84,,,,
8.706989382792125,18597.0,1885.52,-0.21206003724838532,1.4375409914707524,1.8671057717025357,84,,,,
8.708937861934896,18604.0,1885.0400000000002,-0.21721230267539574,1.00207498771036,1.9188725819518713,85,,,,
8.711124268407117,18605.0,1884.52,-0.21438599756677745,7.871063299996057,1.7512947626083766,85,,,,
8.71399754630611,18610.0,1883.9599999999998,-0.21445048310481968,2.068760087274993,2.2065265188293344,85,,,,
8.71677797623509,18612.0,1883.3199999999997,-0.21265833921170557,5.0047738721618815,2.2193809843157197,85,,,,
8.71962873472789,18615.0,1882.72,-0.2004793394874865,3.4209101913595155,1.7834014009162569,85,,,,
8.722934545709586,18619.0,1882.2400000000002,-0.20226170412628655,2.975229883527744,1.9989350843753535,84,,,,
8.725836296112028,18620.0,1881.72,-0.20888892715698543,10.44630144879413,2.327634319813539,84,,,,
8.728251541386692,18626.0,1881.28,-0.2152524244778175,1.4491471647986738,2.0349397250959123,84,,,,
8.729702061145721,18631.0,1881.0,-0.22462722157426757,1.0443742265007723,2.0435391839674386,84,,,,
8.731091204382084,18632.0,1880.52,-0.23859087363866704,5.000915650904647,2.094384150400537,85,,,,
8.732940295002441,18633.0,1879.92,-0.2522472629078157,6.656726233288878,2.3865952991043757,84,,,,
8.73517520497118,18638.0,1879.3200000000002,-0.2632296448947093,1.609135177491706,2.378717826469347,84,,,,
8.73761358994127,18644.0,1878.64,-0.273051777226601,1.4630309820545293,1.9785368710595654,84,,,,
8.74051225261654,18647.0,1877.8,-0.28954181424488473,3.478395210322945,2.374789019363716,84,,,,
8.743186725571299,18649.0,1876.9600000000003,-0.3057591561428753,4.814051318566682,2.5440583211506156,83,,,,
8.745312940767757,18655.0,1876.2400000000002,-0.31401493010236714,1.2757291178747077,2.482300070854568,82,,,,
8.747456769464927,18661.0,1875.48,-0.3196630823254952,1.2862972183018628,2.7858760702412746,84,,,,
8.750001126117256,18663.0,1874.64,-0.3226391560464484,4.579841974192811,2.8039636900107885,86,,,,
8.75184299404944,18666.0,1873.9599999999998,-0.3210407271096057,2.2102415186210873,2.9821283207834357,85,,,,
8.754393767123712,18670.0,1873.28,-0.31361343216776133,2.2956957668445073,2.968702551728089,84,,,,
8.757077544968572,18671.0,1872.56,-0.3070631913544456,9.66160024149314,2.6815853419622524,84,,,,
8.759323862116068,18677.0,1871.8799999999999,-0.3108326541658857,1.3477902884966924,2.993427866357366,82,,,,
8.761835558446544,18680.0,1871.2,-0.31076380618574245,3.0140355965713703,3.0158028836989996,82,,,,
8.764388917457255,18683.0,1870.52,-0.3012290480172963,3.0640308128545826,2.667221386922127,82,,,,
8.766325041407724,18687.0,1869.8400000000001,-0.30033858215136267,1.7425115554208641,2.6240739467176715,82,,,,
8.76814119499499,18688.0,1869.1200000000001,-0.293440868295635,6.538152914161716,2.6751079198591565,83,,,,
8.770234865529373,18692.0,1868.48,-0.2856395888409349,1.8843034809436277,2.379920054517349,85,,,,
8.771800097721329,18696.0,1867.9599999999998,-0.2909169601395705,1.4087089727595257,2.668841767239466,83,,,,
8.773506951673063,18699.0,1867.4,-0.29882138487360366,2.0482247420806114,2.5270445993653956,82,,,,
8.77516258734535,18701.0,1866.9599999999998,-0.3051520721124198,2.980144210113101,2.427536317956712,79,,,,
8.777448192256006,18703.0,1866.48,-0.30927031973395686,4.11408883918218,2.6916811564364345,77,,,,
8.77991809711247,18705.0,1865.7599999999998,-0.3091721932864828,4.445828741635132,2.6467673599350827,75,,,,
8.782436500667787,18711.0,1865.0,-0.3112409461270974,1.5110421331903323,3.0583383221328133,75,,,,
8.784776300339702,18716.0,1864.2399999999998,-0.324631532869125,1.684655763779334,3.1387160581298135,75,,,,
8.786911817921707,18718.0,1863.52,-0.33485093113078157,3.8439316476091214,3.1558823679595833,75,,,,
8.788674479038137,18720.0,1862.8,-0.36018267615155075,3.1727900095739607,3.132103793085316,75,,,,
8.790363228275488,18721.0,1862.1200000000001,-0.3751948221462845,6.079497254463043,3.288823946258817,75,,,,
8.792053359782617,18725.0,1861.36,-0.37384441716165534,1.5211183564151476,2.9965170893370425,75,,,,
8.793784764695022,18729.0,1860.64,-0.3664733131166772,1.5582644211645666,3.4170984607863724,75,,,,
8.795990360885073,18733.0,1859.72,-0.36437095030099925,1.985036571044791,3.4462762516208256,75,,,,
8.797754878426044,18734.0,1858.9599999999998,-0.3535987003986734,6.352263147495716,3.2485713688858047,75,,,,
8.799586645094033,18740.0,1858.28,-0.34209652700314963,1.0990600007934064,2.9581397076571285,77,,,,
8.801686488548395,18741.0,1857.6799999999998,-0.320540060715914,7.559436435703381,2.4481422495790945,77,,,,
8.804386767975743,18745.0,1857.0,-0.29133075877858133,2.4302514846128718,2.303342490272966,78,,,,
8.806740620341033,18748.0,1856.52,-0.2821423753645489,2.82462283834827,2.34080293398371,79,,,,
8.80884377401751,18753.0,1856.08,-0.25876802150403566,1.5142706470629201,2.322952142097908,81,,,,
8.810108798657126,18758.0,1855.85,-0.24098047634661238,0.9108177405237933,1.8799557143338315,81,,,,
8.81125022150884,18762.0,1855.6666666666667,-0.22495286531477424,1.0272805665433558,1.986270272326527,81,,,,
